n,g,m,r,efficiency
150,3,0.9800000190734864,8,0.358978
150,5,0.9800000190734864,8,0.344311
150,4,0.9800000190734864,8,0.360444
150,3,0.9800000190734864,8,0.367422
150,3,0.9800000190734864,8,0.370578
150,3,0.9800000190734864,8,0.360978
150,2,0.9800000190734864,8,0.347956
150,4,0.9800000190734864,8,0.351467
150,6,0.9800000190734864,8,0.348267
150,4,0.9800000190734864,8,0.357467
150,3,0.9800000190734864,8,0.352889
150,5,0.9800000190734864,8,0.347289
150,6,0.9800000190734864,8,0.336133
150,5,0.9800000190734864,8,0.349022
150,3,0.9800000190734864,8,0.372133
150,4,0.9800000190734864,8,0.362267
150,5,0.9800000190734864,8,0.352667
150,5,0.9800000190734864,8,0.343467
150,3,0.9800000190734864,8,0.357867
150,3,0.9800000190734864,8,0.3616
150,3,0.9800000190734864,8,0.372978
150,6,0.9800000190734864,8,0.338533
150,4,0.9800000190734864,8,0.357689
150,2,0.9800000190734864,8,0.351067
150,5,0.9800000190734864,8,0.348311
150,3,0.9800000190734864,8,0.368978
150,4,0.9800000190734864,8,0.3572
150,5,0.9800000190734864,8,0.358667
150,3,0.9800000190734864,8,0.361511
150,6,0.9800000190734864,8,0.343156
150,2,0.9800000190734864,8,0.345644
150,5,0.9800000190734864,8,0.353333
150,5,0.9800000190734864,8,0.351156
150,5,0.9800000190734864,8,0.353378
150,5,0.9800000190734864,8,0.346444
150,2,0.9800000190734864,8,0.3544
150,4,0.9800000190734864,8,0.368489
150,4,0.9800000190734864,8,0.360267
150,5,0.9800000190734864,8,0.356889
150,3,0.9800000190734864,8,0.358978
150,5,0.9800000190734864,8,0.354178
150,5,0.9800000190734864,8,0.354
150,3,0.9800000190734864,8,0.357022
150,4,0.9800000190734864,8,0.345156
150,6,0.9800000190734864,8,0.345689
150,2,0.9800000190734864,8,0.353156
150,3,0.9800000190734864,8,0.369244
150,2,0.9800000190734864,8,0.350844
150,2,0.9800000190734864,8,0.341067
150,4,0.9800000190734864,8,0.358844
150,4,0.9800000190734864,8,0.352756
150,5,0.9800000190734864,8,0.353556
150,6,0.9800000190734864,8,0.340711
150,4,0.9800000190734864,8,0.359778
150,2,0.9800000190734864,8,0.3444
150,2,0.9800000190734864,8,0.347244
150,6,0.9800000190734864,8,0.344533
150,4,0.9800000190734864,8,0.3592
150,6,0.9800000190734864,8,0.340889
150,4,0.9800000190734864,8,0.354178
150,3,0.9800000190734864,8,0.368222
150,2,0.9800000190734864,8,0.350933
150,5,0.9800000190734864,8,0.3456
150,3,0.9800000190734864,8,0.363733
150,5,0.9800000190734864,8,0.350711
150,5,0.9800000190734864,8,0.352133
150,2,0.9800000190734864,8,0.356222
150,5,0.9800000190734864,8,0.3484
150,4,0.9800000190734864,8,0.357556
150,3,0.9800000190734864,8,0.3632
150,6,0.9800000190734864,8,0.342044
150,2,0.9800000190734864,8,0.3544
150,5,0.9800000190734864,8,0.355733
150,6,0.9800000190734864,8,0.3388
150,5,0.9800000190734864,8,0.3488
150,4,0.9800000190734864,8,0.355911
150,2,0.9800000190734864,8,0.349378
150,2,0.9800000190734864,8,0.342089
150,3,0.9800000190734864,8,0.367867
150,2,0.9800000190734864,8,0.3492
150,4,0.9800000190734864,8,0.358444
150,2,0.9800000190734864,8,0.344711
150,3,0.9800000190734864,8,0.359778
150,5,0.9800000190734864,8,0.357778
150,4,0.9800000190734864,8,0.357244
150,3,0.9800000190734864,8,0.363067
150,3,0.9800000190734864,8,0.370044
150,4,0.9800000190734864,8,0.356311
150,3,0.9800000190734864,8,0.357556
150,2,0.9800000190734864,8,0.351333
150,6,0.9800000190734864,8,0.341156
150,3,0.9800000190734864,8,0.362311
150,6,0.9800000190734864,8,0.341422
150,4,0.9800000190734864,8,0.357022
150,5,0.9800000190734864,8,0.344133
150,6,0.9800000190734864,8,0.3356
150,2,0.9800000190734864,8,0.353333
150,5,0.9800000190734864,8,0.348178
150,6,0.9800000190734864,8,0.346444
150,5,0.9800000190734864,8,0.348178
150,5,0.9800000190734864,8,0.349778
150,2,0.9800000190734864,8,0.361511
150,5,0.9800000190734864,8,0.348133
150,5,0.9800000190734864,8,0.3492
150,6,0.9800000190734864,8,0.347867
150,3,0.9800000190734864,8,0.365467
150,3,0.9800000190734864,8,0.361733
150,3,0.9800000190734864,8,0.3636
150,4,0.9800000190734864,8,0.364622
150,2,0.9800000190734864,8,0.352578
150,3,0.9800000190734864,8,0.368578
150,2,0.9800000190734864,8,0.341556
150,5,0.9800000190734864,8,0.348533
150,5,0.9800000190734864,8,0.3496
150,2,0.9800000190734864,8,0.350711
150,4,0.9800000190734864,8,0.360222
150,4,0.9800000190734864,8,0.356711
150,6,0.9800000190734864,8,0.345156
150,3,0.9800000190734864,8,0.3724
150,5,0.9800000190734864,8,0.351467
150,5,0.9800000190734864,8,0.351511
150,3,0.9800000190734864,8,0.359289
150,6,0.9800000190734864,8,0.344667
150,6,0.9800000190734864,8,0.345467
150,3,0.9800000190734864,8,0.363244
150,4,0.9800000190734864,8,0.362622
150,5,0.9800000190734864,8,0.349511
150,6,0.9800000190734864,8,0.338267
150,4,0.9800000190734864,8,0.357244
150,4,0.9800000190734864,8,0.354
150,4,0.9800000190734864,8,0.358711
150,5,0.9800000190734864,8,0.3456
150,5,0.9800000190734864,8,0.349333
150,5,0.9800000190734864,8,0.342222
150,4,0.9800000190734864,8,0.357111
150,4,0.9800000190734864,8,0.367733
150,6,0.9800000190734864,8,0.346578
150,2,0.9800000190734864,8,0.342711
150,4,0.9800000190734864,8,0.364844
150,4,0.9800000190734864,8,0.3548
150,4,0.9800000190734864,8,0.356711
150,3,0.9800000190734864,8,0.363244
150,4,0.9800000190734864,8,0.354622
150,2,0.9800000190734864,8,0.350844
150,6,0.9800000190734864,8,0.337244
150,3,0.9800000190734864,8,0.361822
150,2,0.9800000190734864,8,0.351111
150,3,0.9800000190734864,8,0.357778
150,5,0.9800000190734864,8,0.350133
150,3,0.9800000190734864,8,0.359422
150,6,0.9800000190734864,8,0.338089
150,2,0.9800000190734864,8,0.349378
150,4,0.9800000190734864,8,0.363333
150,2,0.9800000190734864,8,0.345244
150,4,0.9800000190734864,8,0.356222
150,5,0.9800000190734864,8,0.346756
150,3,0.9800000190734864,8,0.364533
150,4,0.9800000190734864,8,0.358178
150,5,0.9800000190734864,8,0.346444
150,5,0.9800000190734864,8,0.343244
150,6,0.9800000190734864,8,0.339867
150,4,0.9800000190734864,8,0.358178
150,2,0.9800000190734864,8,0.354178
150,2,0.9800000190734864,8,0.349467
150,2,0.9800000190734864,8,0.3456
150,3,0.9800000190734864,8,0.355067
150,3,0.9800000190734864,8,0.360667
150,5,0.9800000190734864,8,0.354089
150,4,0.9800000190734864,8,0.366622
150,5,0.9800000190734864,8,0.343644
150,3,0.9800000190734864,8,0.361289
150,3,0.9800000190734864,8,0.352089
150,5,0.9800000190734864,8,0.346
150,4,0.9800000190734864,8,0.362089
150,3,0.9800000190734864,8,0.363422
150,4,0.9800000190734864,8,0.357022
150,4,0.9800000190734864,8,0.358356
150,3,0.9800000190734864,8,0.358622
150,2,0.9800000190734864,8,0.3512
150,3,0.9800000190734864,8,0.361867
150,6,0.9800000190734864,8,0.341733
150,4,0.9800000190734864,8,0.358978
150,2,0.9800000190734864,8,0.350311
150,2,0.9800000190734864,8,0.346933
150,4,0.9800000190734864,8,0.359378
150,4,0.9800000190734864,8,0.360222
150,4,0.9800000190734864,8,0.352267
150,6,0.9800000190734864,8,0.344933
150,2,0.9800000190734864,8,0.351689
150,3,0.9800000190734864,8,0.358044
150,5,0.9800000190734864,8,0.349778
150,6,0.9800000190734864,8,0.343422
150,5,0.9800000190734864,8,0.354889
150,4,0.9800000190734864,8,0.361644
150,6,0.9800000190734864,8,0.343467
150,2,0.9800000190734864,8,0.346489
150,5,0.9800000190734864,8,0.353422
150,3,0.9800000190734864,8,0.366533
150,4,0.9800000190734864,8,0.354578
150,5,0.9800000190734864,8,0.3432
150,5,0.9800000190734864,8,0.350133
150,3,0.9800000190734864,8,0.358667
150,2,0.9800000190734864,8,0.352622
150,6,0.9800000190734864,8,0.336889
150,4,0.9800000190734864,8,0.363111
150,4,0.9800000190734864,8,0.362267
150,3,0.9800000190734864,8,0.362711
150,6,0.9800000190734864,8,0.345378
150,3,0.9800000190734864,8,0.363156
150,3,0.9800000190734864,8,0.362311
150,5,0.9800000190734864,8,0.348933
150,4,0.9800000190734864,8,0.359511
150,2,0.9800000190734864,8,0.345911
150,6,0.9800000190734864,8,0.343467
150,6,0.9800000190734864,8,0.338222
150,4,0.9800000190734864,8,0.356756
150,5,0.9800000190734864,8,0.3532
150,6,0.9800000190734864,8,0.3388
150,2,0.9800000190734864,8,0.354089
150,5,0.9800000190734864,8,0.355378
150,4,0.9800000190734864,8,0.359467
150,5,0.9800000190734864,8,0.352044
150,6,0.9800000190734864,8,0.346178
150,4,0.9800000190734864,8,0.357511
150,4,0.9800000190734864,8,0.361778
150,6,0.9800000190734864,8,0.336889
150,6,0.9800000190734864,8,0.342533
150,5,0.9800000190734864,8,0.345467
150,5,0.9800000190734864,8,0.346578
150,3,0.9800000190734864,8,0.364267
150,4,0.9800000190734864,8,0.355867
150,3,0.9800000190734864,8,0.348044
150,6,0.9800000190734864,8,0.341111
150,4,0.9800000190734864,8,0.352178
150,2,0.9800000190734864,8,0.356533
150,3,0.9800000190734864,8,0.364489
150,4,0.9800000190734864,8,0.356178
150,6,0.9800000190734864,8,0.340667
150,2,0.9800000190734864,8,0.356889
150,4,0.9800000190734864,8,0.358444
150,5,0.9800000190734864,8,0.354133
150,2,0.9800000190734864,8,0.357378
150,2,0.9800000190734864,8,0.347511
150,2,0.9800000190734864,8,0.353333
150,5,0.9800000190734864,8,0.353111
150,2,0.9800000190734864,8,0.353556
150,3,0.9800000190734864,8,0.367644
150,4,0.9800000190734864,8,0.356311
150,6,0.9800000190734864,8,0.337822
150,3,0.9800000190734864,8,0.357511
150,3,0.9800000190734864,8,0.355289
150,2,0.9800000190734864,8,0.337911
150,3,0.9800000190734864,8,0.3664
150,5,0.9800000190734864,8,0.350044
150,4,0.9800000190734864,8,0.358667
150,6,0.9800000190734864,8,0.343422
150,2,0.9800000190734864,8,0.367511
150,2,0.9800000190734864,8,0.3508
150,2,0.9800000190734864,8,0.352178
150,5,0.9800000190734864,8,0.347067
150,3,0.9800000190734864,8,0.364489
150,5,0.9800000190734864,8,0.352089
150,2,0.9800000190734864,8,0.348444
150,5,0.9800000190734864,8,0.358667
150,2,0.9800000190734864,8,0.348089
150,4,0.9800000190734864,8,0.356667
150,6,0.9800000190734864,8,0.343422
150,5,0.9800000190734864,8,0.347244
150,6,0.9800000190734864,8,0.344667
150,4,0.9800000190734864,8,0.361422
150,4,0.9800000190734864,8,0.362089
150,4,0.9800000190734864,8,0.350533
150,4,0.9800000190734864,8,0.3688
150,5,0.9800000190734864,8,0.352889
150,6,0.9800000190734864,8,0.343333
150,3,0.9800000190734864,8,0.363956
150,2,0.9800000190734864,8,0.344889
150,5,0.9800000190734864,8,0.346044
150,3,0.9800000190734864,8,0.354178
150,4,0.9800000190734864,8,0.366267
150,3,0.9800000190734864,8,0.352711
150,3,0.9800000190734864,8,0.364578
150,4,0.9800000190734864,8,0.360667
150,5,0.9800000190734864,8,0.3504
150,2,0.9800000190734864,8,0.3472
150,6,0.9800000190734864,8,0.341067
150,6,0.9800000190734864,8,0.343911
150,2,0.9800000190734864,8,0.344933
150,4,0.9800000190734864,8,0.357244
150,5,0.9800000190734864,8,0.349067
150,6,0.9800000190734864,8,0.349156
150,3,0.9800000190734864,8,0.356667
150,6,0.9800000190734864,8,0.338356
150,4,0.9800000190734864,8,0.359689
150,2,0.9800000190734864,8,0.340978
150,5,0.9800000190734864,8,0.350444
150,4,0.9800000190734864,8,0.356844
150,3,0.9800000190734864,8,0.354133
150,2,0.9800000190734864,8,0.34
150,6,0.9800000190734864,8,0.347244
150,4,0.9800000190734864,8,0.3644
150,4,0.9800000190734864,8,0.3576
150,2,0.9800000190734864,8,0.351333
150,4,0.9800000190734864,8,0.359289
150,3,0.9800000190734864,8,0.366489
150,5,0.9800000190734864,8,0.353911
150,6,0.9800000190734864,8,0.337822
150,5,0.9800000190734864,8,0.344533
150,4,0.9800000190734864,8,0.359644
150,5,0.9800000190734864,8,0.3416
150,2,0.9800000190734864,8,0.353333
150,6,0.9800000190734864,8,0.3388
150,4,0.9800000190734864,8,0.361822
150,2,0.9800000190734864,8,0.349822
150,4,0.9800000190734864,8,0.350622
150,5,0.9800000190734864,8,0.352089
150,5,0.9800000190734864,8,0.342978
150,6,0.9800000190734864,8,0.3396
150,5,0.9800000190734864,8,0.348533
150,6,0.9800000190734864,8,0.343467
150,4,0.9800000190734864,8,0.353422
150,2,0.9800000190734864,8,0.350844
150,3,0.9800000190734864,8,0.368889
150,4,0.9800000190734864,8,0.353644
150,2,0.9800000190734864,8,0.342444
150,5,0.9800000190734864,8,0.344356
150,3,0.9800000190734864,8,0.358356
150,4,0.9800000190734864,8,0.359467
150,6,0.9800000190734864,8,0.337067
150,3,0.9800000190734864,8,0.372889
150,4,0.9800000190734864,8,0.356489
150,4,0.9800000190734864,8,0.361467
150,6,0.9800000190734864,8,0.346133
150,6,0.9800000190734864,8,0.344844
150,2,0.9800000190734864,8,0.347378
150,2,0.9800000190734864,8,0.346533
150,6,0.9800000190734864,8,0.341867
150,2,0.9800000190734864,8,0.340667
150,4,0.9800000190734864,8,0.367156
150,2,0.9800000190734864,8,0.353689
150,3,0.9800000190734864,8,0.362667
150,3,0.9800000190734864,8,0.359244
150,4,0.9800000190734864,8,0.365778
150,2,0.9800000190734864,8,0.360578
150,4,0.9800000190734864,8,0.360889
150,5,0.9800000190734864,8,0.349378
150,6,0.9800000190734864,8,0.341822
150,2,0.9800000190734864,8,0.358844
150,3,0.9800000190734864,8,0.360311
150,3,0.9800000190734864,8,0.359822
150,5,0.9800000190734864,8,0.357511
150,5,0.9800000190734864,8,0.3452
150,3,0.9800000190734864,8,0.366578
150,2,0.9800000190734864,8,0.3432
150,2,0.9800000190734864,8,0.345956
150,6,0.9800000190734864,8,0.347244
150,5,0.9800000190734864,8,0.353111
150,2,0.9800000190734864,8,0.339244
150,5,0.9800000190734864,8,0.353333
150,2,0.9800000190734864,8,0.349644
150,6,0.9800000190734864,8,0.347511
150,6,0.9800000190734864,8,0.345778
150,4,0.9800000190734864,8,0.3564
150,6,0.9800000190734864,8,0.345289
150,6,0.9800000190734864,8,0.3416
150,2,0.9800000190734864,8,0.351156
150,6,0.9800000190734864,8,0.343911
150,3,0.9800000190734864,8,0.353778
150,2,0.9800000190734864,8,0.349467
150,5,0.9800000190734864,8,0.350311
150,6,0.9800000190734864,8,0.341644
150,3,0.9800000190734864,8,0.354444
150,5,0.9800000190734864,8,0.345556
150,2,0.9800000190734864,8,0.353333
150,6,0.9800000190734864,8,0.345422
150,5,0.9800000190734864,8,0.343956
150,5,0.9800000190734864,8,0.358178
150,2,0.9800000190734864,8,0.353422
150,3,0.9800000190734864,8,0.360622
150,5,0.9800000190734864,8,0.348222
150,5,0.9800000190734864,8,0.350978
150,2,0.9800000190734864,8,0.350578
150,4,0.9800000190734864,8,0.361022
150,3,0.9800000190734864,8,0.357822
150,5,0.9800000190734864,8,0.356044
150,4,0.9800000190734864,8,0.354356
150,4,0.9800000190734864,8,0.357733
150,6,0.9800000190734864,8,0.336311
150,6,0.9800000190734864,8,0.340044
150,4,0.9800000190734864,8,0.355822
150,4,0.9800000190734864,8,0.353911
150,6,0.9800000190734864,8,0.344133
150,2,0.9800000190734864,8,0.342667
150,3,0.9800000190734864,8,0.358933
150,5,0.9800000190734864,8,0.348356
150,2,0.9800000190734864,8,0.347022
150,6,0.9800000190734864,8,0.336044
150,4,0.9800000190734864,8,0.354889
150,4,0.9800000190734864,8,0.361422
150,4,0.9800000190734864,8,0.364356
150,2,0.9800000190734864,8,0.346933
150,5,0.9800000190734864,8,0.348889
150,2,0.9800000190734864,8,0.357378
150,2,0.9800000190734864,8,0.345822
150,2,0.9800000190734864,8,0.345156
150,3,0.9800000190734864,8,0.353911
150,4,0.9800000190734864,8,0.359111
150,2,0.9800000190734864,8,0.351733
150,2,0.9800000190734864,8,0.341111
150,3,0.9800000190734864,8,0.364711
150,6,0.9800000190734864,8,0.338978
150,6,0.9800000190734864,8,0.337289
150,5,0.9800000190734864,8,0.355289
150,6,0.9800000190734864,8,0.335778
150,4,0.9800000190734864,8,0.356756
150,3,0.9800000190734864,8,0.364889
150,6,0.9800000190734864,8,0.342711
150,4,0.9800000190734864,8,0.352667
150,4,0.9800000190734864,8,0.3552
150,5,0.9800000190734864,8,0.354489
150,3,0.9800000190734864,8,0.365111
150,6,0.9800000190734864,8,0.347822
150,5,0.9800000190734864,8,0.346578
150,2,0.9800000190734864,8,0.347556
150,2,0.9800000190734864,8,0.347156
150,3,0.9800000190734864,8,0.355689
150,3,0.9800000190734864,8,0.367333
150,4,0.9800000190734864,8,0.354711
150,5,0.9800000190734864,8,0.354178
150,3,0.9800000190734864,8,0.359778
150,4,0.9800000190734864,8,0.355511
150,5,0.9800000190734864,8,0.354489
150,5,0.9800000190734864,8,0.345778
150,2,0.9800000190734864,8,0.3504
150,3,0.9800000190734864,8,0.368711
150,3,0.9800000190734864,8,0.354356
150,6,0.9800000190734864,8,0.342578
150,5,0.9800000190734864,8,0.3464
150,2,0.9800000190734864,8,0.3584
150,4,0.9800000190734864,8,0.358533
150,3,0.9800000190734864,8,0.358356
150,4,0.9800000190734864,8,0.358844
150,4,0.9800000190734864,8,0.3624
150,6,0.9800000190734864,8,0.3368
150,4,0.9800000190734864,8,0.361067
150,2,0.9800000190734864,8,0.348622
150,3,0.9800000190734864,8,0.358267
150,3,0.9800000190734864,8,0.360356
150,4,0.9800000190734864,8,0.358578
150,3,0.9800000190734864,8,0.349733
150,4,0.9800000190734864,8,0.355467
150,5,0.9800000190734864,8,0.353511
150,6,0.9800000190734864,8,0.340356
150,4,0.9800000190734864,8,0.361289
150,3,0.9800000190734864,8,0.357822
150,2,0.9800000190734864,8,0.347156
150,3,0.9800000190734864,8,0.358622
150,2,0.9800000190734864,8,0.348311
150,6,0.9800000190734864,8,0.338756
150,2,0.9800000190734864,8,0.3508
150,6,0.9800000190734864,8,0.342711
150,3,0.9800000190734864,8,0.362311
150,6,0.9800000190734864,8,0.343733
150,3,0.9800000190734864,8,0.360222
150,3,0.9800000190734864,8,0.353956
150,5,0.9800000190734864,8,0.346178
150,4,0.9800000190734864,8,0.352711
150,2,0.9800000190734864,8,0.3432
150,3,0.9800000190734864,8,0.366578
150,6,0.9800000190734864,8,0.345644
150,3,0.9800000190734864,8,0.359156
150,3,0.9800000190734864,8,0.357333
150,3,0.9800000190734864,8,0.366222
150,2,0.9800000190734864,8,0.344533
150,4,0.9800000190734864,8,0.361556
150,2,0.9800000190734864,8,0.347022
150,4,0.9800000190734864,8,0.359156
150,4,0.9800000190734864,8,0.363956
150,6,0.9800000190734864,8,0.339511
150,6,0.9800000190734864,8,0.337378
150,4,0.9800000190734864,8,0.3548
150,6,0.9800000190734864,8,0.343244
150,6,0.9800000190734864,8,0.338444
150,3,0.9800000190734864,8,0.358311
150,2,0.9800000190734864,8,0.351956
150,6,0.9800000190734864,8,0.342089
150,4,0.9800000190734864,8,0.359067
150,2,0.9800000190734864,8,0.350844
150,3,0.9800000190734864,8,0.355556
150,4,0.9800000190734864,8,0.357556
150,3,0.9800000190734864,8,0.361511
150,3,0.9800000190734864,8,0.361956
150,6,0.9800000190734864,8,0.345822
150,2,0.9800000190734864,8,0.349244
150,3,0.9800000190734864,8,0.364356
150,4,0.9800000190734864,8,0.351422
150,6,0.9800000190734864,8,0.341111
150,5,0.9800000190734864,8,0.349111
150,2,0.9800000190734864,8,0.356089
150,6,0.9800000190734864,8,0.345733
150,2,0.9800000190734864,8,0.340489
150,3,0.9800000190734864,8,0.361956
150,4,0.9800000190734864,8,0.349911
150,3,0.9800000190734864,8,0.376711
150,5,0.9800000190734864,8,0.354489
150,4,0.9800000190734864,8,0.3564
150,6,0.9800000190734864,8,0.3432
150,6,0.9800000190734864,8,0.344844
150,2,0.9800000190734864,8,0.337289
150,2,0.9800000190734864,8,0.352222
150,3,0.9800000190734864,8,0.3596
150,4,0.9800000190734864,8,0.352933
150,2,0.9800000190734864,8,0.348844
150,5,0.9800000190734864,8,0.352533
150,4,0.9800000190734864,8,0.358489
150,3,0.9800000190734864,8,0.36
150,3,0.9800000190734864,8,0.3608
150,6,0.9800000190734864,8,0.346089
150,5,0.9800000190734864,8,0.353156
150,5,0.9800000190734864,8,0.3532
150,4,0.9800000190734864,8,0.357467
150,5,0.9800000190734864,8,0.350622
150,3,0.9800000190734864,8,0.3532
150,6,0.9800000190734864,8,0.342356
150,2,0.9800000190734864,8,0.348267
150,3,0.9800000190734864,8,0.368222
150,3,0.9800000190734864,8,0.361867
150,3,0.9800000190734864,8,0.366622
150,2,0.9800000190734864,8,0.347333
150,3,0.9800000190734864,8,0.36
150,3,0.9800000190734864,8,0.366356
150,6,0.9800000190734864,8,0.347644
150,3,0.9800000190734864,8,0.364311
150,3,0.9800000190734864,8,0.364533
150,3,0.9800000190734864,8,0.356356
150,6,0.9800000190734864,8,0.340933
150,4,0.9800000190734864,8,0.358
150,4,0.9800000190734864,8,0.358533
150,3,0.9800000190734864,8,0.364178
150,3,0.9800000190734864,8,0.3632
150,2,0.9800000190734864,8,0.347644
150,6,0.9800000190734864,8,0.339867
150,4,0.9800000190734864,8,0.362267
150,2,0.9800000190734864,8,0.352489
150,2,0.9800000190734864,8,0.348978
150,5,0.9800000190734864,8,0.349111
150,6,0.9800000190734864,8,0.3332
150,4,0.9800000190734864,8,0.353156
150,5,0.9800000190734864,8,0.353067
150,5,0.9800000190734864,8,0.352667
150,2,0.9800000190734864,8,0.339156
150,6,0.9800000190734864,8,0.342978
150,4,0.9800000190734864,8,0.363022
150,6,0.9800000190734864,8,0.346133
150,3,0.9800000190734864,8,0.359156
150,4,0.9800000190734864,8,0.359689
150,2,0.9800000190734864,8,0.349111
150,6,0.9800000190734864,8,0.339067
150,3,0.9800000190734864,8,0.3708
150,3,0.9800000190734864,8,0.3672
150,2,0.9800000190734864,8,0.348756
150,3,0.9800000190734864,8,0.361111
150,6,0.9800000190734864,8,0.334178
150,3,0.9800000190734864,8,0.361111
150,4,0.9800000190734864,8,0.357644
150,5,0.9800000190734864,8,0.352089
150,4,0.9800000190734864,8,0.364311
150,3,0.9800000190734864,8,0.364222
150,6,0.9800000190734864,8,0.344356
150,2,0.9800000190734864,8,0.348444
150,2,0.9800000190734864,8,0.345156
150,4,0.9800000190734864,8,0.364267
150,6,0.9800000190734864,8,0.342578
150,4,0.9800000190734864,8,0.360444
150,3,0.9800000190734864,8,0.357778
150,6,0.9800000190734864,8,0.341022
150,6,0.9800000190734864,8,0.337956
150,6,0.9800000190734864,8,0.337378
150,4,0.9800000190734864,8,0.360089
150,2,0.9800000190734864,8,0.350089
150,4,0.9800000190734864,8,0.356756
150,4,0.9800000190734864,8,0.361244
150,2,0.9800000190734864,8,0.333867
150,3,0.9800000190734864,8,0.360489
150,4,0.9800000190734864,8,0.360578
150,5,0.9800000190734864,8,0.355822
150,4,0.9800000190734864,8,0.353467
150,4,0.9800000190734864,8,0.363956
150,6,0.9800000190734864,8,0.338267
150,5,0.9800000190734864,8,0.350267
150,2,0.9800000190734864,8,0.345822
150,4,0.9800000190734864,8,0.361467
150,2,0.9800000190734864,8,0.355289
150,2,0.9800000190734864,8,0.348178
150,4,0.9800000190734864,8,0.352489
150,5,0.9800000190734864,8,0.354756
150,5,0.9800000190734864,8,0.350444
150,4,0.9800000190734864,8,0.360667
150,4,0.9800000190734864,8,0.358089
150,3,0.9800000190734864,8,0.366
150,4,0.9800000190734864,8,0.357511
150,2,0.9800000190734864,8,0.360533
150,2,0.9800000190734864,8,0.348444
150,3,0.9800000190734864,8,0.366311
150,6,0.9800000190734864,8,0.339111
150,6,0.9800000190734864,8,0.345689
150,3,0.9800000190734864,8,0.360133
150,5,0.9800000190734864,8,0.351733
150,2,0.9800000190734864,8,0.345067
150,5,0.9800000190734864,8,0.352356
150,6,0.9800000190734864,8,0.340978
150,3,0.9800000190734864,8,0.361378
150,2,0.9800000190734864,8,0.3608
150,2,0.9800000190734864,8,0.346844
150,3,0.9800000190734864,8,0.366356
150,4,0.9800000190734864,8,0.356711
150,3,0.9800000190734864,8,0.367289
150,4,0.9800000190734864,8,0.361556
150,6,0.9800000190734864,8,0.344667
150,5,0.9800000190734864,8,0.347556
150,3,0.9800000190734864,8,0.369156
150,2,0.9800000190734864,8,0.343733
150,3,0.9800000190734864,8,0.366444
150,6,0.9800000190734864,8,0.337689
150,2,0.9800000190734864,8,0.345378
150,4,0.9800000190734864,8,0.358578
150,4,0.9800000190734864,8,0.353733
150,3,0.9800000190734864,8,0.352667
150,2,0.9800000190734864,8,0.349822
150,2,0.9800000190734864,8,0.351822
150,3,0.9800000190734864,8,0.367289
150,6,0.9800000190734864,8,0.341778
150,3,0.9800000190734864,8,0.364533
150,2,0.9800000190734864,8,0.348178
150,2,0.9800000190734864,8,0.362133
150,3,0.9800000190734864,8,0.348978
150,6,0.9800000190734864,8,0.343111
150,6,0.9800000190734864,8,0.343378
150,4,0.9800000190734864,8,0.352356
150,5,0.9800000190734864,8,0.350222
150,6,0.9800000190734864,8,0.339156
150,6,0.9800000190734864,8,0.339022
150,2,0.9800000190734864,8,0.3496
150,2,0.9800000190734864,8,0.349156
150,5,0.9800000190734864,8,0.355378
150,2,0.9800000190734864,8,0.340622
150,4,0.9800000190734864,8,0.361467
150,6,0.9800000190734864,8,0.339156
150,3,0.9800000190734864,8,0.362578
150,2,0.9800000190734864,8,0.353511
150,2,0.9800000190734864,8,0.343822
150,6,0.9800000190734864,8,0.3388
150,4,0.9800000190734864,8,0.359333
150,5,0.9800000190734864,8,0.346578
150,6,0.9800000190734864,8,0.340489
150,6,0.9800000190734864,8,0.338667
150,2,0.9800000190734864,8,0.338222
150,3,0.9800000190734864,8,0.364222
150,2,0.9800000190734864,8,0.346978
150,4,0.9800000190734864,8,0.352578
150,5,0.9800000190734864,8,0.352444
150,3,0.9800000190734864,8,0.362089
150,6,0.9800000190734864,8,0.340044
150,3,0.9800000190734864,8,0.364311
150,2,0.9800000190734864,8,0.362267
150,5,0.9800000190734864,8,0.347289
150,4,0.9800000190734864,8,0.355467
150,6,0.9800000190734864,8,0.3396
150,3,0.9800000190734864,8,0.362844
150,6,0.9800000190734864,8,0.341733
150,5,0.9800000190734864,8,0.349378
150,3,0.9800000190734864,8,0.357467
150,3,0.9800000190734864,8,0.361778
150,4,0.9800000190734864,8,0.355689
150,5,0.9800000190734864,8,0.353422
150,6,0.9800000190734864,8,0.3364
150,2,0.9800000190734864,8,0.352444
150,2,0.9800000190734864,8,0.344578
150,5,0.9800000190734864,8,0.3476
150,5,0.9800000190734864,8,0.358267
150,6,0.9800000190734864,8,0.338667
150,3,0.9800000190734864,8,0.364533
150,3,0.9800000190734864,8,0.362667
150,6,0.9800000190734864,8,0.348089
150,6,0.9800000190734864,8,0.338267
150,3,0.9800000190734864,8,0.359733
150,4,0.9800000190734864,8,0.361911
150,4,0.9800000190734864,8,0.353111
150,6,0.9800000190734864,8,0.345778
150,4,0.9800000190734864,8,0.356711
150,5,0.9800000190734864,8,0.356667
150,2,0.9800000190734864,8,0.345956
150,5,0.9800000190734864,8,0.349111
150,2,0.9800000190734864,8,0.3396
150,3,0.9800000190734864,8,0.363244
150,6,0.9800000190734864,8,0.342667
150,3,0.9800000190734864,8,0.359289
150,4,0.9800000190734864,8,0.3612
150,4,0.9800000190734864,8,0.3628
150,2,0.9800000190734864,8,0.3484
150,3,0.9800000190734864,8,0.366533
150,5,0.9800000190734864,8,0.358356
150,6,0.9800000190734864,8,0.340844
150,3,0.9800000190734864,8,0.362222
150,6,0.9800000190734864,8,0.345156
150,4,0.9800000190734864,8,0.361956
150,4,0.9800000190734864,8,0.351956
150,3,0.9800000190734864,8,0.367911
150,2,0.9800000190734864,8,0.351733
150,5,0.9800000190734864,8,0.356622
150,4,0.9800000190734864,8,0.350711
150,2,0.9800000190734864,8,0.361289
150,6,0.9800000190734864,8,0.34
150,6,0.9800000190734864,8,0.343289
150,3,0.9800000190734864,8,0.365733
150,6,0.9800000190734864,8,0.338667
150,6,0.9800000190734864,8,0.348044
150,4,0.9800000190734864,8,0.364089
150,3,0.9800000190734864,8,0.360933
150,4,0.9800000190734864,8,0.361067
150,3,0.9800000190734864,8,0.368711
150,5,0.9800000190734864,8,0.354444
150,6,0.9800000190734864,8,0.341067
150,4,0.9800000190734864,8,0.359822
150,3,0.9800000190734864,8,0.355733
150,5,0.9800000190734864,8,0.354356
150,3,0.9800000190734864,8,0.361911
150,3,0.9800000190734864,8,0.3612
150,5,0.9800000190734864,8,0.353378
150,6,0.9800000190734864,8,0.339289
150,2,0.9800000190734864,8,0.353422
150,3,0.9800000190734864,8,0.361022
150,5,0.9800000190734864,8,0.350222
150,4,0.9800000190734864,8,0.361067
150,3,0.9800000190734864,8,0.353689
150,2,0.9800000190734864,8,0.358133
150,5,0.9800000190734864,8,0.350444
150,4,0.9800000190734864,8,0.359867
150,5,0.9800000190734864,8,0.346133
150,3,0.9800000190734864,8,0.365956
150,3,0.9800000190734864,8,0.3636
150,2,0.9800000190734864,8,0.358222
150,6,0.9800000190734864,8,0.339156
150,3,0.9800000190734864,8,0.360533
150,3,0.9800000190734864,8,0.368222
150,6,0.9800000190734864,8,0.347378
150,4,0.9800000190734864,8,0.352978
150,6,0.9800000190734864,8,0.338978
150,5,0.9800000190734864,8,0.356044
150,2,0.9800000190734864,8,0.352978
150,6,0.9800000190734864,8,0.344622
150,4,0.9800000190734864,8,0.359111
150,3,0.9800000190734864,8,0.354489
150,2,0.9800000190734864,8,0.354711
150,4,0.9800000190734864,8,0.360978
150,6,0.9800000190734864,8,0.342622
150,2,0.9800000190734864,8,0.352089
150,3,0.9800000190734864,8,0.371156
150,4,0.9800000190734864,8,0.3572
150,3,0.9800000190734864,8,0.352489
150,5,0.9800000190734864,8,0.352133
150,4,0.9800000190734864,8,0.363067
150,3,0.9800000190734864,8,0.361289
150,6,0.9800000190734864,8,0.340356
150,6,0.9800000190734864,8,0.345511
150,5,0.9800000190734864,8,0.346933
150,3,0.9800000190734864,8,0.364533
150,3,0.9800000190734864,8,0.351911
150,2,0.9800000190734864,8,0.359156
150,4,0.9800000190734864,8,0.3668
150,4,0.9800000190734864,8,0.359422
150,2,0.9800000190734864,8,0.341422
150,2,0.9800000190734864,8,0.344889
150,3,0.9800000190734864,8,0.360711
150,3,0.9800000190734864,8,0.360578
150,2,0.9800000190734864,8,0.353467
150,2,0.9800000190734864,8,0.341244
150,6,0.9800000190734864,8,0.3416
150,2,0.9800000190734864,8,0.352133
150,3,0.9800000190734864,8,0.369289
150,3,0.9800000190734864,8,0.362711
150,4,0.9800000190734864,8,0.356133
150,2,0.9800000190734864,8,0.351467
150,3,0.9800000190734864,8,0.360356
150,2,0.9800000190734864,8,0.347689
150,4,0.9800000190734864,8,0.361022
150,6,0.9800000190734864,8,0.3412
150,3,0.9800000190734864,8,0.354267
150,2,0.9800000190734864,8,0.344756
150,6,0.9800000190734864,8,0.341422
150,5,0.9800000190734864,8,0.350222
150,4,0.9800000190734864,8,0.3576
150,6,0.9800000190734864,8,0.345022
150,3,0.9800000190734864,8,0.367289
150,3,0.9800000190734864,8,0.361111
150,3,0.9800000190734864,8,0.354222
150,5,0.9800000190734864,8,0.346978
150,5,0.9800000190734864,8,0.358756
150,6,0.9800000190734864,8,0.339467
150,6,0.9800000190734864,8,0.343956
150,5,0.9800000190734864,8,0.353644
150,2,0.9800000190734864,8,0.349067
150,3,0.9800000190734864,8,0.364133
150,4,0.9800000190734864,8,0.357867
150,2,0.9800000190734864,8,0.351644
150,2,0.9800000190734864,8,0.352311
150,4,0.9800000190734864,8,0.356489
150,4,0.9800000190734864,8,0.3576
150,5,0.9800000190734864,8,0.348667
150,5,0.9800000190734864,8,0.350044
150,4,0.9800000190734864,8,0.362578
150,4,0.9800000190734864,8,0.363867
150,5,0.9800000190734864,8,0.348044
150,6,0.9800000190734864,8,0.344178
150,5,0.9800000190734864,8,0.354311
150,4,0.9800000190734864,8,0.359067
150,3,0.9800000190734864,8,0.362622
150,5,0.9800000190734864,8,0.352933
150,4,0.9800000190734864,8,0.358533
150,6,0.9800000190734864,8,0.344444
150,4,0.9800000190734864,8,0.3668
150,4,0.9800000190734864,8,0.3472
150,2,0.9800000190734864,8,0.353733
150,4,0.9800000190734864,8,0.354
150,2,0.9800000190734864,8,0.349422
150,2,0.9800000190734864,8,0.350311
150,3,0.9800000190734864,8,0.369511
150,6,0.9800000190734864,8,0.345422
150,6,0.9800000190734864,8,0.338978
150,2,0.9800000190734864,8,0.3408
150,5,0.9800000190734864,8,0.348133
150,4,0.9800000190734864,8,0.361422
150,3,0.9800000190734864,8,0.361867
150,5,0.9800000190734864,8,0.354578
150,6,0.9800000190734864,8,0.341467
150,2,0.9800000190734864,8,0.339867
150,3,0.9800000190734864,8,0.359556
150,5,0.9800000190734864,8,0.3552
150,6,0.9800000190734864,8,0.344667
150,4,0.9800000190734864,8,0.362444
150,2,0.9800000190734864,8,0.352133
150,3,0.9800000190734864,8,0.366667
150,6,0.9800000190734864,8,0.334844
150,6,0.9800000190734864,8,0.342444
150,6,0.9800000190734864,8,0.344489
150,5,0.9800000190734864,8,0.357556
150,5,0.9800000190734864,8,0.351911
150,4,0.9800000190734864,8,0.363244
150,5,0.9800000190734864,8,0.346356
150,5,0.9800000190734864,8,0.356311
150,5,0.9800000190734864,8,0.355422
150,3,0.9800000190734864,8,0.359689
150,3,0.9800000190734864,8,0.359067
150,4,0.9800000190734864,8,0.356622
150,2,0.9800000190734864,8,0.348844
150,3,0.9800000190734864,8,0.367156
150,3,0.9800000190734864,8,0.355156
150,2,0.9800000190734864,8,0.352756
150,4,0.9800000190734864,8,0.354756
150,4,0.9800000190734864,8,0.3592
150,3,0.9800000190734864,8,0.361467
150,5,0.9800000190734864,8,0.349822
150,6,0.9800000190734864,8,0.344978
150,2,0.9800000190734864,8,0.357956
150,2,0.9800000190734864,8,0.350489
150,5,0.9800000190734864,8,0.3548
150,4,0.9800000190734864,8,0.356844
150,3,0.9800000190734864,8,0.361022
150,2,0.9800000190734864,8,0.360844
150,4,0.9800000190734864,8,0.354133
150,5,0.9800000190734864,8,0.351022
150,3,0.9800000190734864,8,0.358889
150,5,0.9800000190734864,8,0.349022
150,2,0.9800000190734864,8,0.350222
150,4,0.9800000190734864,8,0.358489
150,2,0.9800000190734864,8,0.352444
150,2,0.9800000190734864,8,0.348356
150,6,0.9800000190734864,8,0.341778
150,6,0.9800000190734864,8,0.342444
150,5,0.9800000190734864,8,0.344489
150,6,0.9800000190734864,8,0.343422
150,5,0.9800000190734864,8,0.3524
150,2,0.9800000190734864,8,0.348267
150,6,0.9800000190734864,8,0.340267
150,2,0.9800000190734864,8,0.341156
150,4,0.9800000190734864,8,0.356533
150,5,0.9800000190734864,8,0.348267
150,2,0.9800000190734864,8,0.352756
150,3,0.9800000190734864,8,0.357644
150,4,0.9800000190734864,8,0.362578
150,6,0.9800000190734864,8,0.341422
150,3,0.9800000190734864,8,0.3592
150,5,0.9800000190734864,8,0.356089
150,6,0.9800000190734864,8,0.340356
150,5,0.9800000190734864,8,0.3556
150,4,0.9800000190734864,8,0.360178
150,3,0.9800000190734864,8,0.358489
150,3,0.9800000190734864,8,0.354578
150,3,0.9800000190734864,8,0.363867
150,4,0.9800000190734864,8,0.356133
150,2,0.9800000190734864,8,0.3408
150,4,0.9800000190734864,8,0.359689
150,4,0.9800000190734864,8,0.357022
150,6,0.9800000190734864,8,0.340356
150,3,0.9800000190734864,8,0.353156
150,6,0.9800000190734864,8,0.337822
150,4,0.9800000190734864,8,0.3608
150,6,0.9800000190734864,8,0.344133
150,3,0.9800000190734864,8,0.350578
150,6,0.9800000190734864,8,0.342667
150,3,0.9800000190734864,8,0.359289
150,3,0.9800000190734864,8,0.362489
150,3,0.9800000190734864,8,0.364311
150,2,0.9800000190734864,8,0.356533
150,5,0.9800000190734864,8,0.348933
150,5,0.9800000190734864,8,0.343244
150,4,0.9800000190734864,8,0.361867
150,5,0.9800000190734864,8,0.352089
150,4,0.9800000190734864,8,0.363822
150,3,0.9800000190734864,8,0.356933
150,3,0.9800000190734864,8,0.358311
150,2,0.9800000190734864,8,0.344356
150,3,0.9800000190734864,8,0.368756
150,4,0.9800000190734864,8,0.351111
150,4,0.9800000190734864,8,0.3616
150,4,0.9800000190734864,8,0.354756
150,2,0.9800000190734864,8,0.344489
150,5,0.9800000190734864,8,0.352222
150,3,0.9800000190734864,8,0.358978
150,6,0.9800000190734864,8,0.339422
150,2,0.9800000190734864,8,0.347733
150,5,0.9800000190734864,8,0.3468
150,6,0.9800000190734864,8,0.341867
150,6,0.9800000190734864,8,0.345156
150,4,0.9800000190734864,8,0.3568
150,2,0.9800000190734864,8,0.349956
150,6,0.9800000190734864,8,0.340756
150,3,0.9800000190734864,8,0.364044
150,5,0.9800000190734864,8,0.347467
150,6,0.9800000190734864,8,0.343422
150,5,0.9800000190734864,8,0.352622
150,6,0.9800000190734864,8,0.335289
150,5,0.9800000190734864,8,0.354533
150,6,0.9800000190734864,8,0.345467
150,3,0.9800000190734864,8,0.363422
150,4,0.9800000190734864,8,0.354356
150,6,0.9800000190734864,8,0.343556
150,6,0.9800000190734864,8,0.340222
150,3,0.9800000190734864,8,0.357067
150,3,0.9800000190734864,8,0.364089
150,2,0.9800000190734864,8,0.356178
150,2,0.9800000190734864,8,0.351778
150,6,0.9800000190734864,8,0.343244
150,5,0.9800000190734864,8,0.3468
150,2,0.9800000190734864,8,0.347244
150,3,0.9800000190734864,8,0.360622
150,4,0.9800000190734864,8,0.351378
150,6,0.9800000190734864,8,0.341422
150,2,0.9800000190734864,8,0.343467
150,6,0.9800000190734864,8,0.333911
150,3,0.9800000190734864,8,0.362222
150,5,0.9800000190734864,8,0.350356
150,5,0.9800000190734864,8,0.350089
150,2,0.9800000190734864,8,0.349378
150,3,0.9800000190734864,8,0.361022
150,3,0.9800000190734864,8,0.359956
150,2,0.9800000190734864,8,0.355111
150,2,0.9800000190734864,8,0.344
150,5,0.9800000190734864,8,0.349822
150,6,0.9800000190734864,8,0.339689
150,5,0.9800000190734864,8,0.353467
150,4,0.9800000190734864,8,0.359689
150,6,0.9800000190734864,8,0.338489
150,4,0.9800000190734864,8,0.359422
150,6,0.9800000190734864,8,0.342133
150,3,0.9800000190734864,8,0.363556
150,2,0.9800000190734864,8,0.3484
150,6,0.9800000190734864,8,0.340667
150,6,0.9800000190734864,8,0.342622
150,5,0.9800000190734864,8,0.349467
150,2,0.9800000190734864,8,0.346978
150,2,0.9800000190734864,8,0.3484
150,6,0.9800000190734864,8,0.3456
150,4,0.9800000190734864,8,0.359022
150,6,0.9800000190734864,8,0.340756
150,3,0.9800000190734864,8,0.363333
150,4,0.9800000190734864,8,0.352756
150,5,0.9800000190734864,8,0.346844
150,6,0.9800000190734864,8,0.3424
150,4,0.9800000190734864,8,0.3496
150,2,0.9800000190734864,8,0.350578
150,4,0.9800000190734864,8,0.360222
150,2,0.9800000190734864,8,0.343689
150,5,0.9800000190734864,8,0.350844
150,6,0.9800000190734864,8,0.346889
150,6,0.9800000190734864,8,0.337067
150,3,0.9800000190734864,8,0.361644
150,4,0.9800000190734864,8,0.3516
150,6,0.9800000190734864,8,0.340044
150,6,0.9800000190734864,8,0.344222
150,6,0.9800000190734864,8,0.343111
150,2,0.9800000190734864,8,0.3556
150,5,0.9800000190734864,8,0.344844
150,3,0.9800000190734864,8,0.364222
150,4,0.9800000190734864,8,0.356089
150,5,0.9800000190734864,8,0.351778
150,5,0.9800000190734864,8,0.354
150,2,0.9800000190734864,8,0.355867
150,2,0.9800000190734864,8,0.3536
150,5,0.9800000190734864,8,0.355689
150,5,0.9800000190734864,8,0.344
150,5,0.9800000190734864,8,0.347689
150,6,0.9800000190734864,8,0.340222
150,5,0.9800000190734864,8,0.360711
150,4,0.9800000190734864,8,0.359644
150,4,0.9800000190734864,8,0.358089
150,5,0.9800000190734864,8,0.355511
150,3,0.9800000190734864,8,0.362133
150,6,0.9800000190734864,8,0.341689
150,5,0.9800000190734864,8,0.349511
150,6,0.9800000190734864,8,0.342178
150,4,0.9800000190734864,8,0.347956
150,3,0.9800000190734864,8,0.359156
150,5,0.9800000190734864,8,0.345956
150,6,0.9800000190734864,8,0.336844
150,4,0.9800000190734864,8,0.358933
150,2,0.9800000190734864,8,0.350089
150,4,0.9800000190734864,8,0.358089
150,6,0.9800000190734864,8,0.332889
150,2,0.9800000190734864,8,0.349289
150,6,0.9800000190734864,8,0.345111
150,5,0.9800000190734864,8,0.347644
150,3,0.9800000190734864,8,0.365156
150,2,0.9800000190734864,8,0.344711
150,4,0.9800000190734864,8,0.371911
150,5,0.9800000190734864,8,0.340889
150,5,0.9800000190734864,8,0.344667
150,5,0.9800000190734864,8,0.357244
150,6,0.9800000190734864,8,0.340311
150,4,0.9800000190734864,8,0.357289
150,5,0.9800000190734864,8,0.348889
150,3,0.9800000190734864,8,0.358089
150,4,0.9800000190734864,8,0.360667
150,3,0.9800000190734864,8,0.355333
150,2,0.9800000190734864,8,0.350267
150,2,0.9800000190734864,8,0.342267
150,4,0.9800000190734864,8,0.359244
150,6,0.9800000190734864,8,0.343956
150,6,0.9800000190734864,8,0.346356
150,3,0.9800000190734864,8,0.368844
150,4,0.9800000190734864,8,0.362044
150,6,0.9800000190734864,8,0.340978
150,6,0.9800000190734864,8,0.339644
150,2,0.9800000190734864,8,0.344933
150,6,0.9800000190734864,8,0.343689
150,4,0.9800000190734864,8,0.354444
150,5,0.9800000190734864,8,0.350756
150,5,0.9800000190734864,8,0.350089
150,5,0.9800000190734864,8,0.349422
150,4,0.9800000190734864,8,0.355867
150,2,0.9800000190734864,8,0.344622
150,2,0.9800000190734864,8,0.358489
150,6,0.9800000190734864,8,0.343244
150,2,0.9800000190734864,8,0.353422
150,2,0.9800000190734864,8,0.344267
150,5,0.9800000190734864,8,0.349733
150,6,0.9800000190734864,8,0.338622
150,6,0.9800000190734864,8,0.340667
150,4,0.9800000190734864,8,0.354444
150,5,0.9800000190734864,8,0.347956
150,6,0.9800000190734864,8,0.342711
150,6,0.9800000190734864,8,0.344311
150,5,0.9800000190734864,8,0.354311
150,4,0.9800000190734864,8,0.3624
150,2,0.9800000190734864,8,0.353689
150,3,0.9800000190734864,8,0.3584
150,2,0.9800000190734864,8,0.337156
150,4,0.9800000190734864,8,0.355289
150,5,0.9800000190734864,8,0.3476
150,2,0.9800000190734864,8,0.339867
150,4,0.9800000190734864,8,0.3672
150,3,0.9800000190734864,8,0.358044
150,6,0.9800000190734864,8,0.341689
150,6,0.9800000190734864,8,0.340089
150,6,0.9800000190734864,8,0.346667
150,4,0.9800000190734864,8,0.357956
150,6,0.9800000190734864,8,0.346578
150,3,0.9800000190734864,8,0.359556
150,6,0.9800000190734864,8,0.335556
150,5,0.9800000190734864,8,0.344444
150,5,0.9800000190734864,8,0.359644
150,2,0.9800000190734864,8,0.357956
150,4,0.9800000190734864,8,0.3608
150,6,0.9800000190734864,8,0.341378
150,3,0.9800000190734864,8,0.357778
150,6,0.9800000190734864,8,0.337867
150,6,0.9800000190734864,8,0.335333
150,6,0.9800000190734864,8,0.341644
150,6,0.9800000190734864,8,0.349422
150,3,0.9800000190734864,8,0.3564
150,5,0.9800000190734864,8,0.352533
150,2,0.9800000190734864,8,0.346667
150,5,0.9800000190734864,8,0.355733
150,4,0.9800000190734864,8,0.355289
150,5,0.9800000190734864,8,0.351778
150,3,0.9800000190734864,8,0.352933
150,3,0.9800000190734864,8,0.359556
150,3,0.9800000190734864,8,0.364889
150,3,0.9800000190734864,8,0.3688
150,2,0.9800000190734864,8,0.353022
150,3,0.9800000190734864,8,0.3584
150,3,0.9800000190734864,8,0.359289
150,3,0.9800000190734864,8,0.355556
150,4,0.9800000190734864,8,0.363333
150,2,0.9800000190734864,8,0.353689
150,6,0.9800000190734864,8,0.344044
150,6,0.9800000190734864,8,0.340222
150,3,0.9800000190734864,8,0.370356
150,3,0.9800000190734864,8,0.361289
150,5,0.9800000190734864,8,0.359289
150,5,0.9800000190734864,8,0.350311
150,6,0.9800000190734864,8,0.337556
150,6,0.9800000190734864,8,0.335689
150,6,0.9800000190734864,8,0.337067
150,6,0.9800000190734864,8,0.336044
150,6,0.9800000190734864,8,0.344489
150,5,0.9800000190734864,8,0.352089
150,6,0.9800000190734864,8,0.342311
150,4,0.9800000190734864,8,0.357111
150,3,0.9800000190734864,8,0.363022
150,6,0.9800000190734864,8,0.344133
150,3,0.9800000190734864,8,0.366578
150,2,0.9800000190734864,8,0.348089
150,6,0.9800000190734864,8,0.342044
150,5,0.9800000190734864,8,0.358133
150,3,0.9800000190734864,8,0.364356
150,3,0.9800000190734864,8,0.360133
150,6,0.9800000190734864,8,0.336844
150,6,0.9800000190734864,8,0.342222
150,2,0.9800000190734864,8,0.3468
150,3,0.9800000190734864,8,0.3664
150,5,0.9800000190734864,8,0.352089
150,5,0.9800000190734864,8,0.351244
150,6,0.9800000190734864,8,0.345867
150,2,0.9800000190734864,8,0.348667
150,3,0.9800000190734864,8,0.354622
150,2,0.9800000190734864,8,0.357244
150,6,0.9800000190734864,8,0.342089
150,4,0.9800000190734864,8,0.352311
150,3,0.9800000190734864,8,0.357644
150,4,0.9800000190734864,8,0.365067
150,4,0.9800000190734864,8,0.358622
150,2,0.9800000190734864,8,0.345822
150,5,0.9800000190734864,8,0.343378
150,6,0.9800000190734864,8,0.339111
150,4,0.9800000190734864,8,0.357911
150,6,0.9800000190734864,8,0.340133
150,6,0.9800000190734864,8,0.338978
150,2,0.9800000190734864,8,0.355556
150,2,0.9800000190734864,8,0.349556
150,2,0.9800000190734864,8,0.343644
150,3,0.9800000190734864,8,0.356133
150,4,0.9800000190734864,8,0.364578
150,6,0.9800000190734864,8,0.34
150,4,0.9800000190734864,8,0.358978
150,3,0.9800000190734864,8,0.363111
150,4,0.9800000190734864,8,0.358356
150,3,0.9800000190734864,8,0.373289
150,5,0.9800000190734864,8,0.356578
150,6,0.9800000190734864,8,0.345022
150,3,0.9800000190734864,8,0.363911
150,2,0.9800000190734864,8,0.353422
150,4,0.9800000190734864,8,0.359511
150,2,0.9800000190734864,8,0.348844
150,4,0.9800000190734864,8,0.350578
150,6,0.9800000190734864,8,0.334267
150,2,0.9800000190734864,8,0.3456
150,4,0.9800000190734864,8,0.354311
150,2,0.9800000190734864,8,0.347556
150,2,0.9800000190734864,8,0.346533
150,6,0.9800000190734864,8,0.343689
150,6,0.9800000190734864,8,0.341333
150,2,0.9800000190734864,8,0.354222
150,3,0.9800000190734864,8,0.364756
150,5,0.9800000190734864,8,0.352711
150,4,0.9800000190734864,8,0.354222
150,5,0.9800000190734864,8,0.351644
150,6,0.9800000190734864,8,0.338444
150,2,0.9800000190734864,8,0.352356
150,5,0.9800000190734864,8,0.350978
150,5,0.9800000190734864,8,0.353111
150,5,0.9800000190734864,8,0.356889
150,3,0.9800000190734864,8,0.372622
150,4,0.9800000190734864,8,0.359333
150,5,0.9800000190734864,8,0.350889
150,5,0.9800000190734864,8,0.352533
150,6,0.9800000190734864,8,0.336711
150,5,0.9800000190734864,8,0.353244
150,5,0.9800000190734864,8,0.351733
150,5,0.9800000190734864,8,0.347244
150,3,0.9800000190734864,8,0.364267
150,3,0.9800000190734864,8,0.363733
150,4,0.9800000190734864,8,0.358667
150,6,0.9800000190734864,8,0.342667
150,4,0.9800000190734864,8,0.353067
150,4,0.9800000190734864,8,0.363644
150,3,0.9800000190734864,8,0.369067
150,2,0.9800000190734864,8,0.352933
150,6,0.9800000190734864,8,0.3372
150,3,0.9800000190734864,8,0.358222
150,3,0.9800000190734864,8,0.364978
150,5,0.9800000190734864,8,0.347644
150,4,0.9800000190734864,8,0.359778
150,5,0.9800000190734864,8,0.353556
150,3,0.9800000190734864,8,0.361867
150,6,0.9800000190734864,8,0.336978
150,3,0.9800000190734864,8,0.364
150,4,0.9800000190734864,8,0.3588
150,6,0.9800000190734864,8,0.343511
150,3,0.9800000190734864,8,0.362533
150,2,0.9800000190734864,8,0.339244
150,6,0.9800000190734864,8,0.339067
150,4,0.9800000190734864,8,0.364444
150,2,0.9800000190734864,8,0.343911
150,5,0.9800000190734864,8,0.351067
150,5,0.9800000190734864,8,0.354044
150,3,0.9800000190734864,8,0.360178
150,6,0.9800000190734864,8,0.337867
150,6,0.9800000190734864,8,0.339956
150,2,0.9800000190734864,8,0.347467
150,6,0.9800000190734864,8,0.339156
150,3,0.9800000190734864,8,0.363333
150,5,0.9800000190734864,8,0.3468
150,2,0.9800000190734864,8,0.351956
150,2,0.9800000190734864,8,0.348578
150,5,0.9800000190734864,8,0.356089
150,2,0.9800000190734864,8,0.350622
150,3,0.9800000190734864,8,0.364311
150,4,0.9800000190734864,8,0.351778
150,3,0.9800000190734864,8,0.352267
150,2,0.9800000190734864,8,0.354222
150,4,0.9800000190734864,8,0.354667
150,2,0.9800000190734864,8,0.353911
150,5,0.9800000190734864,8,0.351289
150,3,0.9800000190734864,8,0.364311
150,4,0.9800000190734864,8,0.354089
150,3,0.9800000190734864,8,0.3676
150,5,0.9800000190734864,8,0.345333
150,3,0.9800000190734864,8,0.362044
150,2,0.9800000190734864,8,0.348
150,2,0.9800000190734864,8,0.348267
150,3,0.9800000190734864,8,0.360667
150,4,0.9800000190734864,8,0.360889
150,3,0.9800000190734864,8,0.352089
150,5,0.9800000190734864,8,0.351778
150,5,0.9800000190734864,8,0.347733
150,2,0.9800000190734864,8,0.338356
150,4,0.9800000190734864,8,0.3568
150,2,0.9800000190734864,8,0.348844
150,5,0.9800000190734864,8,0.345422
150,3,0.9800000190734864,8,0.3512
150,6,0.9800000190734864,8,0.335778
150,3,0.9800000190734864,8,0.363511
150,6,0.9800000190734864,8,0.334711
150,2,0.9800000190734864,8,0.349867
150,3,0.9800000190734864,8,0.362844
150,5,0.9800000190734864,8,0.344711
150,2,0.9800000190734864,8,0.353911
150,4,0.9800000190734864,8,0.364578
150,2,0.9800000190734864,8,0.337467
150,2,0.9800000190734864,8,0.342933
150,5,0.9800000190734864,8,0.348667
150,4,0.9800000190734864,8,0.360222
150,2,0.9800000190734864,8,0.3512
150,3,0.9800000190734864,8,0.374356
150,5,0.9800000190734864,8,0.348533
150,5,0.9800000190734864,8,0.358311
150,3,0.9800000190734864,8,0.364978
150,3,0.9800000190734864,8,0.359111
150,3,0.9800000190734864,8,0.366044
150,5,0.9800000190734864,8,0.350622
150,4,0.9800000190734864,8,0.354044
150,3,0.9800000190734864,8,0.362222
150,3,0.9800000190734864,8,0.3604
150,3,0.9800000190734864,8,0.363689
150,5,0.9800000190734864,8,0.347778
150,3,0.9800000190734864,8,0.363289
150,4,0.9800000190734864,8,0.362533
150,6,0.9800000190734864,8,0.341156
150,3,0.9800000190734864,8,0.363378
150,3,0.9800000190734864,8,0.364267
150,6,0.9800000190734864,8,0.337244
150,5,0.9800000190734864,8,0.346133
150,6,0.9800000190734864,8,0.344178
150,4,0.9800000190734864,8,0.356844
150,3,0.9800000190734864,8,0.366933
150,6,0.9800000190734864,8,0.346978
150,2,0.9800000190734864,8,0.3432
150,3,0.9800000190734864,8,0.359333
150,4,0.9800000190734864,8,0.360889
150,4,0.9800000190734864,8,0.358667
150,5,0.9800000190734864,8,0.350444
150,3,0.9800000190734864,8,0.360444
150,5,0.9800000190734864,8,0.350089
150,5,0.9800000190734864,8,0.350844
150,3,0.9800000190734864,8,0.3616
150,6,0.9800000190734864,8,0.339867
150,5,0.9800000190734864,8,0.351022
150,4,0.9800000190734864,8,0.3584
150,6,0.9800000190734864,8,0.343244
150,4,0.9800000190734864,8,0.363333
150,3,0.9800000190734864,8,0.366978
150,4,0.9800000190734864,8,0.356133
150,2,0.9800000190734864,8,0.339467
150,2,0.9800000190734864,8,0.345244
150,6,0.9800000190734864,8,0.3432
150,6,0.9800000190734864,8,0.336844
150,3,0.9800000190734864,8,0.353778
150,3,0.9800000190734864,8,0.361778
150,2,0.9800000190734864,8,0.340222
150,2,0.9800000190734864,8,0.345644
150,2,0.9800000190734864,8,0.349822
150,3,0.9800000190734864,8,0.362089
150,3,0.9800000190734864,8,0.358622
150,6,0.9800000190734864,8,0.339467
150,4,0.9800000190734864,8,0.359689
150,4,0.9800000190734864,8,0.364489
150,2,0.9800000190734864,8,0.359156
150,3,0.9800000190734864,8,0.362
150,6,0.9800000190734864,8,0.345333
150,3,0.9800000190734864,8,0.365644
150,6,0.9800000190734864,8,0.342533
150,4,0.9800000190734864,8,0.357022
150,4,0.9800000190734864,8,0.364711
150,6,0.9800000190734864,8,0.344844
150,6,0.9800000190734864,8,0.334533
150,6,0.9800000190734864,8,0.340133
150,4,0.9800000190734864,8,0.358978
150,2,0.9800000190734864,8,0.346089
150,6,0.9800000190734864,8,0.352089
150,6,0.9800000190734864,8,0.336444
150,2,0.9800000190734864,8,0.360311
150,2,0.9800000190734864,8,0.346667
150,3,0.9800000190734864,8,0.369467
150,2,0.9800000190734864,8,0.342756
150,3,0.9800000190734864,8,0.359111
150,4,0.9800000190734864,8,0.357867
150,2,0.9800000190734864,8,0.359956
150,4,0.9800000190734864,8,0.354444
150,5,0.9800000190734864,8,0.3512
150,4,0.9800000190734864,8,0.358089
150,5,0.9800000190734864,8,0.3572
150,4,0.9800000190734864,8,0.361244
150,3,0.9800000190734864,8,0.355956
150,3,0.9800000190734864,8,0.368622
150,5,0.9800000190734864,8,0.351556
150,6,0.9800000190734864,8,0.338222
150,6,0.9800000190734864,8,0.3368
150,3,0.9800000190734864,8,0.364311
150,6,0.9800000190734864,8,0.345911
150,3,0.9800000190734864,8,0.362089
150,4,0.9800000190734864,8,0.358356
150,3,0.9800000190734864,8,0.364711
150,3,0.9800000190734864,8,0.358311
150,3,0.9800000190734864,8,0.360667
150,3,0.9800000190734864,8,0.360489
150,4,0.9800000190734864,8,0.353111
150,5,0.9800000190734864,8,0.352533
150,4,0.9800000190734864,8,0.347289
150,6,0.9800000190734864,8,0.349022
150,5,0.9800000190734864,8,0.350756
150,3,0.9800000190734864,8,0.366844
150,4,0.9800000190734864,8,0.361467
150,6,0.9800000190734864,8,0.348756
150,4,0.9800000190734864,8,0.3464
150,6,0.9800000190734864,8,0.341733
150,6,0.9800000190734864,8,0.3496
150,3,0.9800000190734864,8,0.365733
150,6,0.9800000190734864,8,0.341644
150,6,0.9800000190734864,8,0.340844
150,5,0.9800000190734864,8,0.351378
150,4,0.9800000190734864,8,0.361422
150,3,0.9800000190734864,8,0.3628
150,6,0.9800000190734864,8,0.338667
150,6,0.9800000190734864,8,0.3416
150,2,0.9800000190734864,8,0.355956
150,2,0.9800000190734864,8,0.345778
150,4,0.9800000190734864,8,0.361911
150,2,0.9800000190734864,8,0.345289
150,4,0.9800000190734864,8,0.354267
150,3,0.9800000190734864,8,0.368356
150,6,0.9800000190734864,8,0.3412
150,6,0.9800000190734864,8,0.347067
150,2,0.9800000190734864,8,0.350978
150,3,0.9800000190734864,8,0.365467
150,2,0.9800000190734864,8,0.3632
150,6,0.9800000190734864,8,0.348533
150,5,0.9800000190734864,8,0.346889
150,4,0.9800000190734864,8,0.365822
150,5,0.9800000190734864,8,0.345422
150,6,0.9800000190734864,8,0.343956
150,4,0.9800000190734864,8,0.360044
150,6,0.9800000190734864,8,0.341556
150,3,0.9800000190734864,8,0.361067
150,6,0.9800000190734864,8,0.336844
150,3,0.9800000190734864,8,0.366222
150,4,0.9800000190734864,8,0.362356
150,2,0.9800000190734864,8,0.355111
150,6,0.9800000190734864,8,0.342222
150,3,0.9800000190734864,8,0.366578
150,3,0.9800000190734864,8,0.359467
150,6,0.9800000190734864,8,0.340844
150,2,0.9800000190734864,8,0.3548
150,5,0.9800000190734864,8,0.348533
150,6,0.9800000190734864,8,0.338756
150,5,0.9800000190734864,8,0.346222
150,4,0.9800000190734864,8,0.362844
150,5,0.9800000190734864,8,0.3448
150,2,0.9800000190734864,8,0.341467
150,3,0.9800000190734864,8,0.351111
150,5,0.9800000190734864,8,0.3484
150,5,0.9800000190734864,8,0.346711
150,3,0.9800000190734864,8,0.373778
150,3,0.9800000190734864,8,0.356667
150,2,0.9800000190734864,8,0.3384
150,6,0.9800000190734864,8,0.342
150,6,0.9800000190734864,8,0.340267
150,4,0.9800000190734864,8,0.364222
150,2,0.9800000190734864,8,0.351911
150,2,0.9800000190734864,8,0.349867
150,4,0.9800000190734864,8,0.352844
150,5,0.9800000190734864,8,0.351289
150,2,0.9800000190734864,8,0.351244
150,4,0.9800000190734864,8,0.358089
150,5,0.9800000190734864,8,0.339733
150,5,0.9800000190734864,8,0.350356
150,3,0.9800000190734864,8,0.3584
150,2,0.9800000190734864,8,0.355067
150,6,0.9800000190734864,8,0.343289
150,5,0.9800000190734864,8,0.354978
150,2,0.9800000190734864,8,0.347289
150,3,0.9800000190734864,8,0.363644
150,4,0.9800000190734864,8,0.3552
150,2,0.9800000190734864,8,0.337822
150,5,0.9800000190734864,8,0.356
150,5,0.9800000190734864,8,0.342267
150,5,0.9800000190734864,8,0.348089
150,4,0.9800000190734864,8,0.361289
150,4,0.9800000190734864,8,0.366089
150,2,0.9800000190734864,8,0.3616
150,5,0.9800000190734864,8,0.347644
150,3,0.9800000190734864,8,0.358756
150,4,0.9800000190734864,8,0.359556
150,6,0.9800000190734864,8,0.343378
150,5,0.9800000190734864,8,0.348978
150,2,0.9800000190734864,8,0.338933
150,2,0.9800000190734864,8,0.349289
150,2,0.9800000190734864,8,0.347689
150,4,0.9800000190734864,8,0.3572
150,6,0.9800000190734864,8,0.344578
150,6,0.9800000190734864,8,0.341422
150,4,0.9800000190734864,8,0.365822
150,6,0.9800000190734864,8,0.334978
150,5,0.9800000190734864,8,0.347644
150,3,0.9800000190734864,8,0.358622
150,3,0.9800000190734864,8,0.347378
150,2,0.9800000190734864,8,0.340489
150,2,0.9800000190734864,8,0.348178
150,2,0.9800000190734864,8,0.356089
150,3,0.9800000190734864,8,0.364444
150,2,0.9800000190734864,8,0.3488
150,2,0.9800000190734864,8,0.337467
150,2,0.9800000190734864,8,0.348978
150,4,0.9800000190734864,8,0.365022
150,5,0.9800000190734864,8,0.357067
150,2,0.9800000190734864,8,0.358489
150,4,0.9800000190734864,8,0.356044
150,4,0.9800000190734864,8,0.357867
150,2,0.9800000190734864,8,0.351778
150,3,0.9800000190734864,8,0.361378
150,6,0.9800000190734864,8,0.341022
150,4,0.9800000190734864,8,0.358089
150,6,0.9800000190734864,8,0.339378
150,6,0.9800000190734864,8,0.347022
150,2,0.9800000190734864,8,0.343422
150,6,0.9800000190734864,8,0.338089
150,2,0.9800000190734864,8,0.361111
150,3,0.9800000190734864,8,0.365067
150,4,0.9800000190734864,8,0.357022
150,6,0.9800000190734864,8,0.3452
150,3,0.9800000190734864,8,0.368356
150,6,0.9800000190734864,8,0.340756
150,4,0.9800000190734864,8,0.351911
150,2,0.9800000190734864,8,0.351422
150,6,0.9800000190734864,8,0.3408
150,4,0.9800000190734864,8,0.354311
150,4,0.9800000190734864,8,0.349467
150,6,0.9800000190734864,8,0.342756
150,5,0.9800000190734864,8,0.346089
150,2,0.9800000190734864,8,0.349156
150,4,0.9800000190734864,8,0.356444
150,5,0.9800000190734864,8,0.347556
150,6,0.9800000190734864,8,0.343333
150,4,0.9800000190734864,8,0.356756
150,4,0.9800000190734864,8,0.351067
150,2,0.9800000190734864,8,0.3464
150,3,0.9800000190734864,8,0.355911
150,3,0.9800000190734864,8,0.362222
150,2,0.9800000190734864,8,0.352578
150,4,0.9800000190734864,8,0.353511
150,6,0.9800000190734864,8,0.337644
150,4,0.9800000190734864,8,0.360356
150,5,0.9800000190734864,8,0.3512
150,3,0.9800000190734864,8,0.364711
150,2,0.9800000190734864,8,0.342844
150,2,0.9800000190734864,8,0.356844
150,3,0.9800000190734864,8,0.358489
150,4,0.9800000190734864,8,0.358667
150,4,0.9800000190734864,8,0.356933
150,2,0.9800000190734864,8,0.352622
150,2,0.9800000190734864,8,0.350711
150,2,0.9800000190734864,8,0.349822
150,4,0.9800000190734864,8,0.363644
150,5,0.9800000190734864,8,0.347511
150,3,0.9800000190734864,8,0.3608
150,3,0.9800000190734864,8,0.367733
150,5,0.9800000190734864,8,0.356978
150,3,0.9800000190734864,8,0.356533
150,3,0.9800000190734864,8,0.361644
150,4,0.9800000190734864,8,0.359511
150,3,0.9800000190734864,8,0.364444
150,6,0.9800000190734864,8,0.341911
150,2,0.9800000190734864,8,0.338533
150,5,0.9800000190734864,8,0.347422
150,2,0.9800000190734864,8,0.341644
150,3,0.9800000190734864,8,0.353111
150,3,0.9800000190734864,8,0.368356
150,4,0.9800000190734864,8,0.3656
150,3,0.9800000190734864,8,0.369244
150,6,0.9800000190734864,8,0.336622
150,6,0.9800000190734864,8,0.344356
150,5,0.9800000190734864,8,0.350889
150,2,0.9800000190734864,8,0.343067
150,4,0.9800000190734864,8,0.365867
150,5,0.9800000190734864,8,0.354
150,2,0.9800000190734864,8,0.347022
150,2,0.9800000190734864,8,0.356578
150,3,0.9800000190734864,8,0.361956
150,4,0.9800000190734864,8,0.364711
150,3,0.9800000190734864,8,0.358578
150,2,0.9800000190734864,8,0.345422
150,6,0.9800000190734864,8,0.340311
150,2,0.9800000190734864,8,0.360622
150,6,0.9800000190734864,8,0.336356
150,6,0.9800000190734864,8,0.337333
150,4,0.9800000190734864,8,0.359467
150,2,0.9800000190734864,8,0.348578
150,3,0.9800000190734864,8,0.357333
150,6,0.9800000190734864,8,0.342
150,6,0.9800000190734864,8,0.334444
150,3,0.9800000190734864,8,0.366622
150,3,0.9800000190734864,8,0.352089
150,2,0.9800000190734864,8,0.354578
150,3,0.9800000190734864,8,0.350267
150,5,0.9800000190734864,8,0.3532
150,3,0.9800000190734864,8,0.3624
150,3,0.9800000190734864,8,0.360222
150,3,0.9800000190734864,8,0.362089
150,5,0.9800000190734864,8,0.351911
150,6,0.9800000190734864,8,0.341289
150,5,0.9800000190734864,8,0.352356
150,3,0.9800000190734864,8,0.364889
150,5,0.9800000190734864,8,0.344356
150,2,0.9800000190734864,8,0.346356
150,4,0.9800000190734864,8,0.356267
150,4,0.9800000190734864,8,0.3492
150,5,0.9800000190734864,8,0.353156
150,6,0.9800000190734864,8,0.341244
150,3,0.9800000190734864,8,0.360667
150,2,0.9800000190734864,8,0.360222
150,4,0.9800000190734864,8,0.3576
150,3,0.9800000190734864,8,0.366756
150,3,0.9800000190734864,8,0.357822
150,2,0.9800000190734864,8,0.356978
150,3,0.9800000190734864,8,0.3656
150,5,0.9800000190734864,8,0.344844
150,3,0.9800000190734864,8,0.361911
150,3,0.9800000190734864,8,0.356756
150,6,0.9800000190734864,8,0.348044
150,4,0.9800000190734864,8,0.3556
150,6,0.9800000190734864,8,0.340222
150,3,0.9800000190734864,8,0.367867
150,2,0.9800000190734864,8,0.3436
150,2,0.9800000190734864,8,0.347511
150,3,0.9800000190734864,8,0.364622
150,5,0.9800000190734864,8,0.348178
150,2,0.9800000190734864,8,0.341422
150,6,0.9800000190734864,8,0.347689
150,4,0.9800000190734864,8,0.356178
150,3,0.9800000190734864,8,0.359689
150,6,0.9800000190734864,8,0.3324
150,5,0.9800000190734864,8,0.352489
150,5,0.9800000190734864,8,0.350978
150,4,0.9800000190734864,8,0.352178
150,2,0.9800000190734864,8,0.352978
150,2,0.9800000190734864,8,0.346844
150,5,0.9800000190734864,8,0.351867
150,2,0.9800000190734864,8,0.360578
150,5,0.9800000190734864,8,0.355911
150,3,0.9800000190734864,8,0.352489
150,4,0.9800000190734864,8,0.355644
150,3,0.9800000190734864,8,0.360578
150,2,0.9800000190734864,8,0.352711
150,5,0.9800000190734864,8,0.354533
150,2,0.9800000190734864,8,0.3552
150,6,0.9800000190734864,8,0.339956
150,4,0.9800000190734864,8,0.360489
150,2,0.9800000190734864,8,0.346667
150,3,0.9800000190734864,8,0.361111
150,2,0.9800000190734864,8,0.343022
150,3,0.9800000190734864,8,0.364311
150,5,0.9800000190734864,8,0.350667
150,4,0.9800000190734864,8,0.357511
150,5,0.9800000190734864,8,0.342711
150,3,0.9800000190734864,8,0.362267
150,6,0.9800000190734864,8,0.341733
150,4,0.9800000190734864,8,0.354356
150,5,0.9800000190734864,8,0.349244
150,6,0.9800000190734864,8,0.338667
150,6,0.9800000190734864,8,0.338756
150,5,0.9800000190734864,8,0.344933
150,3,0.9800000190734864,8,0.364444
150,2,0.9800000190734864,8,0.354044
150,2,0.9800000190734864,8,0.343156
150,4,0.9800000190734864,8,0.356133
150,6,0.9800000190734864,8,0.343289
150,3,0.9800000190734864,8,0.360089
150,3,0.9800000190734864,8,0.372
150,6,0.9800000190734864,8,0.3412
150,5,0.9800000190734864,8,0.347911
150,2,0.9800000190734864,8,0.342444
150,6,0.9800000190734864,8,0.345422
150,3,0.9800000190734864,8,0.352489
150,2,0.9800000190734864,8,0.3492
150,4,0.9800000190734864,8,0.349378
150,6,0.9800000190734864,8,0.347378
150,5,0.9800000190734864,8,0.352667
150,6,0.9800000190734864,8,0.347244
150,5,0.9800000190734864,8,0.350844
150,6,0.9800000190734864,8,0.342267
150,6,0.9800000190734864,8,0.333822
150,6,0.9800000190734864,8,0.348089
150,3,0.9800000190734864,8,0.356178
150,5,0.9800000190734864,8,0.344711
150,4,0.9800000190734864,8,0.360356
150,3,0.9800000190734864,8,0.362089
150,4,0.9800000190734864,8,0.351778
150,3,0.9800000190734864,8,0.3584
150,4,0.9800000190734864,8,0.357644
150,5,0.9800000190734864,8,0.342889
150,4,0.9800000190734864,8,0.362089
150,2,0.9800000190734864,8,0.352044
150,4,0.9800000190734864,8,0.353422
150,2,0.9800000190734864,8,0.341911
150,5,0.9800000190734864,8,0.349244
150,4,0.9800000190734864,8,0.357867
150,4,0.9800000190734864,8,0.352933
150,3,0.9800000190734864,8,0.357467
150,4,0.9800000190734864,8,0.363511
150,5,0.9800000190734864,8,0.356667
150,4,0.9800000190734864,8,0.354756
150,2,0.9800000190734864,8,0.354978
150,5,0.9800000190734864,8,0.349422
150,4,0.9800000190734864,8,0.360889
150,4,0.9800000190734864,8,0.360667
150,2,0.9800000190734864,8,0.345111
150,4,0.9800000190734864,8,0.353244
150,3,0.9800000190734864,8,0.364
150,5,0.9800000190734864,8,0.353378
150,3,0.9800000190734864,8,0.363422
150,2,0.9800000190734864,8,0.346489
150,4,0.9800000190734864,8,0.366533
150,5,0.9800000190734864,8,0.348267
150,6,0.9800000190734864,8,0.339111
150,3,0.9800000190734864,8,0.363378
150,2,0.9800000190734864,8,0.349911
150,5,0.9800000190734864,8,0.356978
150,6,0.9800000190734864,8,0.3432
150,4,0.9800000190734864,8,0.362356
150,5,0.9800000190734864,8,0.352933
150,2,0.9800000190734864,8,0.337022
150,4,0.9800000190734864,8,0.353867
150,4,0.9800000190734864,8,0.356222
150,2,0.9800000190734864,8,0.348889
150,3,0.9800000190734864,8,0.362622
150,2,0.9800000190734864,8,0.350356
150,3,0.9800000190734864,8,0.3636
150,4,0.9800000190734864,8,0.358489
150,6,0.9800000190734864,8,0.335867
150,5,0.9800000190734864,8,0.355689
150,4,0.9800000190734864,8,0.363422
150,6,0.9800000190734864,8,0.342933
150,6,0.9800000190734864,8,0.341467
150,5,0.9800000190734864,8,0.357689
150,5,0.9800000190734864,8,0.351422
150,4,0.9800000190734864,8,0.354756
150,6,0.9800000190734864,8,0.345956
150,5,0.9800000190734864,8,0.347867
150,2,0.9800000190734864,8,0.351956
150,4,0.9800000190734864,8,0.358178
150,2,0.9800000190734864,8,0.337289
150,2,0.9800000190734864,8,0.353689
150,5,0.9800000190734864,8,0.346222
150,4,0.9800000190734864,8,0.3548
150,5,0.9800000190734864,8,0.351867
150,6,0.9800000190734864,8,0.338311
150,5,0.9800000190734864,8,0.349911
150,3,0.9800000190734864,8,0.358489
150,3,0.9800000190734864,8,0.363956
150,4,0.9800000190734864,8,0.355644
150,3,0.9800000190734864,8,0.357733
150,5,0.9800000190734864,8,0.348533
150,2,0.9800000190734864,8,0.353733
150,2,0.9800000190734864,8,0.347556
150,2,0.9800000190734864,8,0.343467
150,4,0.9800000190734864,8,0.358222
150,5,0.9800000190734864,8,0.351867
150,5,0.9800000190734864,8,0.347689
150,4,0.9800000190734864,8,0.351644
150,2,0.9800000190734864,8,0.351289
150,4,0.9800000190734864,8,0.356267
150,4,0.9800000190734864,8,0.359022
150,4,0.9800000190734864,8,0.360711
150,6,0.9800000190734864,8,0.3428
150,5,0.9800000190734864,8,0.348667
150,5,0.9800000190734864,8,0.3444
150,6,0.9800000190734864,8,0.339822
150,4,0.9800000190734864,8,0.358311
150,2,0.9800000190734864,8,0.353378
150,5,0.9800000190734864,8,0.354089
150,4,0.9800000190734864,8,0.354978
150,5,0.9800000190734864,8,0.346711
150,5,0.9800000190734864,8,0.350133
150,3,0.9800000190734864,8,0.3624
150,5,0.9800000190734864,8,0.354711
150,5,0.9800000190734864,8,0.3456
150,3,0.9800000190734864,8,0.359289
150,4,0.9800000190734864,8,0.356222
150,5,0.9800000190734864,8,0.358311
150,6,0.9800000190734864,8,0.346089
150,4,0.9800000190734864,8,0.3552
150,6,0.9800000190734864,8,0.344044
150,2,0.9800000190734864,8,0.354711
150,2,0.9800000190734864,8,0.347156
150,4,0.9800000190734864,8,0.356489
150,2,0.9800000190734864,8,0.352133
150,6,0.9800000190734864,8,0.341422
150,5,0.9800000190734864,8,0.351867
150,4,0.9800000190734864,8,0.356889
150,3,0.9800000190734864,8,0.3592
150,3,0.9800000190734864,8,0.360711
150,6,0.9800000190734864,8,0.3372
150,5,0.9800000190734864,8,0.350178
150,5,0.9800000190734864,8,0.348667
150,6,0.9800000190734864,8,0.341067
150,3,0.9800000190734864,8,0.367333
150,5,0.9800000190734864,8,0.347511
150,2,0.9800000190734864,8,0.348311
150,4,0.9800000190734864,8,0.362356
150,2,0.9800000190734864,8,0.357022
150,3,0.9800000190734864,8,0.357378
150,5,0.9800000190734864,8,0.354444
150,2,0.9800000190734864,8,0.351244
150,5,0.9800000190734864,8,0.347956
150,4,0.9800000190734864,8,0.359822
150,6,0.9800000190734864,8,0.339822
150,4,0.9800000190734864,8,0.356311
150,4,0.9800000190734864,8,0.360444
150,4,0.9800000190734864,8,0.358667
150,6,0.9800000190734864,8,0.342533
150,4,0.9800000190734864,8,0.361511
150,4,0.9800000190734864,8,0.355156
150,3,0.9800000190734864,8,0.369111
150,6,0.9800000190734864,8,0.338267
150,6,0.9800000190734864,8,0.345156
150,4,0.9800000190734864,8,0.360933
150,3,0.9800000190734864,8,0.361956
150,6,0.9800000190734864,8,0.343067
150,6,0.9800000190734864,8,0.349289
150,3,0.9800000190734864,8,0.355689
150,2,0.9800000190734864,8,0.344889
150,5,0.9800000190734864,8,0.3496
150,4,0.9800000190734864,8,0.356356
150,3,0.9800000190734864,8,0.359689
150,2,0.9800000190734864,8,0.352089
150,5,0.9800000190734864,8,0.355289
150,6,0.9800000190734864,8,0.341156
150,6,0.9800000190734864,8,0.340044
150,4,0.9800000190734864,8,0.359111
150,4,0.9800000190734864,8,0.350756
150,5,0.9800000190734864,8,0.35
150,3,0.9800000190734864,8,0.361067
150,2,0.9800000190734864,8,0.3488
150,3,0.9800000190734864,8,0.369067
150,2,0.9800000190734864,8,0.349467
150,6,0.9800000190734864,8,0.344489
150,2,0.9800000190734864,8,0.349378
150,4,0.9800000190734864,8,0.359467
150,3,0.9800000190734864,8,0.355378
150,4,0.9800000190734864,8,0.356444
150,4,0.9800000190734864,8,0.363822
150,5,0.9800000190734864,8,0.343111
150,5,0.9800000190734864,8,0.357111
150,2,0.9800000190734864,8,0.344978
150,4,0.9800000190734864,8,0.360489
150,2,0.9800000190734864,8,0.3512
150,2,0.9800000190734864,8,0.351733
150,2,0.9800000190734864,8,0.3472
150,5,0.9800000190734864,8,0.348622
150,4,0.9800000190734864,8,0.363867
150,4,0.9800000190734864,8,0.358133
150,3,0.9800000190734864,8,0.356978
150,2,0.9800000190734864,8,0.356267
150,6,0.9800000190734864,8,0.342356
150,2,0.9800000190734864,8,0.332667
150,5,0.9800000190734864,8,0.354222
150,2,0.9800000190734864,8,0.341511
150,3,0.9800000190734864,8,0.360533
150,6,0.9800000190734864,8,0.342622
150,5,0.9800000190734864,8,0.352711
150,4,0.9800000190734864,8,0.362356
150,3,0.9800000190734864,8,0.359689
150,3,0.9800000190734864,8,0.360222
150,5,0.9800000190734864,8,0.352978
150,4,0.9800000190734864,8,0.3684
150,2,0.9800000190734864,8,0.351689
150,2,0.9800000190734864,8,0.3372
150,6,0.9800000190734864,8,0.340622
150,6,0.9800000190734864,8,0.339111
150,3,0.9800000190734864,8,0.3688
150,5,0.9800000190734864,8,0.354267
150,2,0.9800000190734864,8,0.343556
150,2,0.9800000190734864,8,0.345733
150,5,0.9800000190734864,8,0.352044
150,3,0.9800000190734864,8,0.364267
150,6,0.9800000190734864,8,0.335289
150,2,0.9800000190734864,8,0.344844
150,2,0.9800000190734864,8,0.342356
150,3,0.9800000190734864,8,0.364044
150,4,0.9800000190734864,8,0.362756
150,2,0.9800000190734864,8,0.3508
150,5,0.9800000190734864,8,0.357422
150,4,0.9800000190734864,8,0.356622
150,3,0.9800000190734864,8,0.360889
150,4,0.9800000190734864,8,0.361289
150,6,0.9800000190734864,8,0.346
150,2,0.9800000190734864,8,0.349689
150,4,0.9800000190734864,8,0.360489
150,3,0.9800000190734864,8,0.367511
150,3,0.9800000190734864,8,0.3632
150,6,0.9800000190734864,8,0.339244
150,2,0.9800000190734864,8,0.351289
150,2,0.9800000190734864,8,0.345333
150,4,0.9800000190734864,8,0.353156
150,3,0.9800000190734864,8,0.360978
150,3,0.9800000190734864,8,0.350933
150,5,0.9800000190734864,8,0.352044
150,4,0.9800000190734864,8,0.356667
150,4,0.9800000190734864,8,0.360711
150,5,0.9800000190734864,8,0.349511
150,3,0.9800000190734864,8,0.3668
150,6,0.9800000190734864,8,0.339911
150,2,0.9800000190734864,8,0.3436
150,5,0.9800000190734864,8,0.347867
150,6,0.9800000190734864,8,0.338889
150,6,0.9800000190734864,8,0.343289
150,4,0.9800000190734864,8,0.363689
150,2,0.9800000190734864,8,0.351867
150,2,0.9800000190734864,8,0.351333
150,6,0.9800000190734864,8,0.340622
150,3,0.9800000190734864,8,0.360444
150,6,0.9800000190734864,8,0.344756
150,6,0.9800000190734864,8,0.3412
150,4,0.9800000190734864,8,0.361422
150,5,0.9800000190734864,8,0.349644
150,3,0.9800000190734864,8,0.362267
150,6,0.9800000190734864,8,0.340267
150,4,0.9800000190734864,8,0.357111
150,5,0.9800000190734864,8,0.345689
150,2,0.9800000190734864,8,0.349822
150,4,0.9800000190734864,8,0.355067
150,5,0.9800000190734864,8,0.348356
150,2,0.9800000190734864,8,0.351867
150,3,0.9800000190734864,8,0.361378
150,4,0.9800000190734864,8,0.359022
150,4,0.9800000190734864,8,0.357156
150,3,0.9800000190734864,8,0.365467
150,3,0.9800000190734864,8,0.358844
150,3,0.9800000190734864,8,0.361111
150,5,0.9800000190734864,8,0.345733
150,2,0.9800000190734864,8,0.356889
150,4,0.9800000190734864,8,0.352756
150,3,0.9800000190734864,8,0.360978
150,6,0.9800000190734864,8,0.3428
150,2,0.9800000190734864,8,0.345067
150,2,0.9800000190734864,8,0.352311
150,2,0.9800000190734864,8,0.3408
150,4,0.9800000190734864,8,0.3496
150,4,0.9800000190734864,8,0.363244
150,6,0.9800000190734864,8,0.338756
150,3,0.9800000190734864,8,0.357911
150,2,0.9800000190734864,8,0.351378
150,2,0.9800000190734864,8,0.351244
150,6,0.9800000190734864,8,0.343378
150,5,0.9800000190734864,8,0.345333
150,4,0.9800000190734864,8,0.350178
150,3,0.9800000190734864,8,0.360889
150,6,0.9800000190734864,8,0.338444
150,4,0.9800000190734864,8,0.355822
150,4,0.9800000190734864,8,0.358533
150,5,0.9800000190734864,8,0.350844
150,6,0.9800000190734864,8,0.343111
150,3,0.9800000190734864,8,0.359956
150,6,0.9800000190734864,8,0.35
150,5,0.9800000190734864,8,0.350356
150,2,0.9800000190734864,8,0.349422
150,5,0.9800000190734864,8,0.345422
150,6,0.9800000190734864,8,0.333822
150,4,0.9800000190734864,8,0.362578
150,3,0.9800000190734864,8,0.362
150,4,0.9800000190734864,8,0.360444
150,5,0.9800000190734864,8,0.354089
150,6,0.9800000190734864,8,0.343289
150,6,0.9800000190734864,8,0.344267
150,6,0.9800000190734864,8,0.339378
150,4,0.9800000190734864,8,0.355022
150,5,0.9800000190734864,8,0.351733
150,3,0.9800000190734864,8,0.367778
150,3,0.9800000190734864,8,0.360578
150,2,0.9800000190734864,8,0.360311
150,2,0.9800000190734864,8,0.366444
150,2,0.9800000190734864,8,0.350844
150,5,0.9800000190734864,8,0.349378
150,6,0.9800000190734864,8,0.338089
150,5,0.9800000190734864,8,0.347067
150,3,0.9800000190734864,8,0.363644
150,2,0.9800000190734864,8,0.355956
150,2,0.9800000190734864,8,0.347422
150,6,0.9800000190734864,8,0.332844
150,5,0.9800000190734864,8,0.3504
150,6,0.9800000190734864,8,0.335733
150,6,0.9800000190734864,8,0.344622
150,5,0.9800000190734864,8,0.3536
150,6,0.9800000190734864,8,0.345022
150,5,0.9800000190734864,8,0.351156
150,4,0.9800000190734864,8,0.356711
150,6,0.9800000190734864,8,0.344267
150,5,0.9800000190734864,8,0.351822
150,4,0.9800000190734864,8,0.352222
150,2,0.9800000190734864,8,0.348844
150,3,0.9800000190734864,8,0.356844
150,6,0.9800000190734864,8,0.338889
150,4,0.9800000190734864,8,0.358889
150,2,0.9800000190734864,8,0.351867
150,5,0.9800000190734864,8,0.3544
150,5,0.9800000190734864,8,0.350667
150,3,0.9800000190734864,8,0.363067
150,2,0.9800000190734864,8,0.348489
150,4,0.9800000190734864,8,0.357111
150,5,0.9800000190734864,8,0.358044
150,4,0.9800000190734864,8,0.359289
150,3,0.9800000190734864,8,0.360489
150,5,0.9800000190734864,8,0.347556
150,6,0.9800000190734864,8,0.341511
150,3,0.9800000190734864,8,0.364489
150,2,0.9800000190734864,8,0.344933
150,2,0.9800000190734864,8,0.348711
150,6,0.9800000190734864,8,0.347244
150,4,0.9800000190734864,8,0.348133
150,5,0.9800000190734864,8,0.347289
150,4,0.9800000190734864,8,0.362756
150,3,0.9800000190734864,8,0.367244
150,5,0.9800000190734864,8,0.353689
150,5,0.9800000190734864,8,0.351378
150,6,0.9800000190734864,8,0.3408
150,5,0.9800000190734864,8,0.344889
150,4,0.9800000190734864,8,0.361333
150,2,0.9800000190734864,8,0.366267
150,4,0.9800000190734864,8,0.355378
150,6,0.9800000190734864,8,0.346444
150,6,0.9800000190734864,8,0.344222
150,4,0.9800000190734864,8,0.3592
150,2,0.9800000190734864,8,0.353911
150,2,0.9800000190734864,8,0.351778
150,3,0.9800000190734864,8,0.361511
150,4,0.9800000190734864,8,0.364089
150,3,0.9800000190734864,8,0.358444
150,5,0.9800000190734864,8,0.343556
150,4,0.9800000190734864,8,0.359733
150,2,0.9800000190734864,8,0.35
150,6,0.9800000190734864,8,0.34
150,2,0.9800000190734864,8,0.348933
150,4,0.9800000190734864,8,0.363067
150,4,0.9800000190734864,8,0.360933
150,4,0.9800000190734864,8,0.3588
150,4,0.9800000190734864,8,0.358933
150,6,0.9800000190734864,8,0.336489
150,4,0.9800000190734864,8,0.353822
150,6,0.9800000190734864,8,0.346978
150,3,0.9800000190734864,8,0.364222
150,2,0.9800000190734864,8,0.352933
150,3,0.9800000190734864,8,0.364356
150,3,0.9800000190734864,8,0.360222
150,4,0.9800000190734864,8,0.353689
150,3,0.9800000190734864,8,0.364622
150,5,0.9800000190734864,8,0.349644
150,2,0.9800000190734864,8,0.3508
150,3,0.9800000190734864,8,0.363467
150,3,0.9800000190734864,8,0.363422
150,3,0.9800000190734864,8,0.363867
150,2,0.9800000190734864,8,0.338267
150,2,0.9800000190734864,8,0.362044
150,4,0.9800000190734864,8,0.356089
150,3,0.9800000190734864,8,0.368444
150,4,0.9800000190734864,8,0.359867
150,5,0.9800000190734864,8,0.350622
150,3,0.9800000190734864,8,0.365867
150,5,0.9800000190734864,8,0.349289
150,5,0.9800000190734864,8,0.348222
150,4,0.9800000190734864,8,0.359289
150,2,0.9800000190734864,8,0.348089
150,4,0.9800000190734864,8,0.352
150,4,0.9800000190734864,8,0.3612
150,3,0.9800000190734864,8,0.365378
150,5,0.9800000190734864,8,0.354933
150,6,0.9800000190734864,8,0.337244
150,4,0.9800000190734864,8,0.358133
150,3,0.9800000190734864,8,0.365556
150,5,0.9800000190734864,8,0.356711
150,5,0.9800000190734864,8,0.349067
150,2,0.9800000190734864,8,0.348844
150,2,0.9800000190734864,8,0.345467
150,6,0.9800000190734864,8,0.341733
150,5,0.9800000190734864,8,0.355822
150,3,0.9800000190734864,8,0.371956
150,3,0.9800000190734864,8,0.356178
150,4,0.9800000190734864,8,0.359956
150,2,0.9800000190734864,8,0.341111
150,4,0.9800000190734864,8,0.353422
150,3,0.9800000190734864,8,0.363556
150,2,0.9800000190734864,8,0.344222
150,2,0.9800000190734864,8,0.347378
150,2,0.9800000190734864,8,0.351244
150,6,0.9800000190734864,8,0.339289
150,5,0.9800000190734864,8,0.347911
150,3,0.9800000190734864,8,0.3652
150,5,0.9800000190734864,8,0.353556
150,5,0.9800000190734864,8,0.355244
150,4,0.9800000190734864,8,0.360444
150,2,0.9800000190734864,8,0.342178
150,5,0.9800000190734864,8,0.350178
150,5,0.9800000190734864,8,0.347333
150,5,0.9800000190734864,8,0.354133
150,6,0.9800000190734864,8,0.3396
150,2,0.9800000190734864,8,0.351733
150,4,0.9800000190734864,8,0.353244
150,4,0.9800000190734864,8,0.359689
150,4,0.9800000190734864,8,0.362933
150,2,0.9800000190734864,8,0.343067
150,4,0.9800000190734864,8,0.362089
150,2,0.9800000190734864,8,0.352889
150,5,0.9800000190734864,8,0.354089
150,3,0.9800000190734864,8,0.358222
150,3,0.9800000190734864,8,0.364667
150,3,0.9800000190734864,8,0.360622
150,5,0.9800000190734864,8,0.348711
150,2,0.9800000190734864,8,0.350356
150,4,0.9800000190734864,8,0.356356
150,3,0.9800000190734864,8,0.3572
150,2,0.9800000190734864,8,0.357022
150,4,0.9800000190734864,8,0.358178
150,2,0.9800000190734864,8,0.352222
150,2,0.9800000190734864,8,0.332889
150,5,0.9800000190734864,8,0.343467
150,4,0.9800000190734864,8,0.358622
150,5,0.9800000190734864,8,0.3552
150,6,0.9800000190734864,8,0.342622
150,4,0.9800000190734864,8,0.355289
150,3,0.9800000190734864,8,0.366711
150,2,0.9800000190734864,8,0.355378
150,3,0.9800000190734864,8,0.356489
150,4,0.9800000190734864,8,0.363289
150,6,0.9800000190734864,8,0.338889
150,5,0.9800000190734864,8,0.354711
150,4,0.9800000190734864,8,0.362133
150,2,0.9800000190734864,8,0.339244
150,6,0.9800000190734864,8,0.341378
150,2,0.9800000190734864,8,0.350311
150,4,0.9800000190734864,8,0.356711
150,3,0.9800000190734864,8,0.366
150,2,0.9800000190734864,8,0.354133
150,4,0.9800000190734864,8,0.3524
150,5,0.9800000190734864,8,0.348978
150,2,0.9800000190734864,8,0.352756
150,3,0.9800000190734864,8,0.364
150,5,0.9800000190734864,8,0.345378
150,4,0.9800000190734864,8,0.353911
150,3,0.9800000190734864,8,0.3564
150,6,0.9800000190734864,8,0.345289
150,2,0.9800000190734864,8,0.349156
150,3,0.9800000190734864,8,0.354489
150,4,0.9800000190734864,8,0.359822
150,6,0.9800000190734864,8,0.341556
150,5,0.9800000190734864,8,0.349956
150,6,0.9800000190734864,8,0.344089
150,6,0.9800000190734864,8,0.342844
150,5,0.9800000190734864,8,0.344178
150,2,0.9800000190734864,8,0.346756
150,4,0.9800000190734864,8,0.358
150,5,0.9800000190734864,8,0.347422
150,6,0.9800000190734864,8,0.342444
150,5,0.9800000190734864,8,0.345644
150,4,0.9800000190734864,8,0.356578
150,3,0.9800000190734864,8,0.362622
150,3,0.9800000190734864,8,0.355733
150,5,0.9800000190734864,8,0.351111
150,2,0.9800000190734864,8,0.343822
150,2,0.9800000190734864,8,0.351556
150,5,0.9800000190734864,8,0.352267
150,2,0.9800000190734864,8,0.356044
150,6,0.9800000190734864,8,0.340222
150,4,0.9800000190734864,8,0.361556
150,4,0.9800000190734864,8,0.359022
150,3,0.9800000190734864,8,0.361733
150,5,0.9800000190734864,8,0.350178
150,2,0.9800000190734864,8,0.3536
150,3,0.9800000190734864,8,0.370089
150,3,0.9800000190734864,8,0.366622
150,5,0.9800000190734864,8,0.357067
150,3,0.9800000190734864,8,0.369556
150,6,0.9800000190734864,8,0.338933
150,3,0.9800000190734864,8,0.365022
150,5,0.9800000190734864,8,0.352667
150,2,0.9800000190734864,8,0.349822
150,5,0.9800000190734864,8,0.346222
150,6,0.9800000190734864,8,0.339556
150,2,0.9800000190734864,8,0.355244
150,3,0.9800000190734864,8,0.3548
150,3,0.9800000190734864,8,0.3616
150,5,0.9800000190734864,8,0.3508
150,3,0.9800000190734864,8,0.369867
150,4,0.9800000190734864,8,0.358267
150,3,0.9800000190734864,8,0.360089
150,4,0.9800000190734864,8,0.3596
150,2,0.9800000190734864,8,0.3572
150,4,0.9800000190734864,8,0.3548
150,4,0.9800000190734864,8,0.360222
150,4,0.9800000190734864,8,0.359289
150,5,0.9800000190734864,8,0.345956
150,5,0.9800000190734864,8,0.347778
150,2,0.9800000190734864,8,0.335422
150,2,0.9800000190734864,8,0.341067
150,4,0.9800000190734864,8,0.355378
150,5,0.9800000190734864,8,0.347511
150,3,0.9800000190734864,8,0.359733
150,5,0.9800000190734864,8,0.354578
150,3,0.9800000190734864,8,0.365111
150,5,0.9800000190734864,8,0.349511
150,6,0.9800000190734864,8,0.343378
150,4,0.9800000190734864,8,0.363822
150,5,0.9800000190734864,8,0.348044
150,5,0.9800000190734864,8,0.342622
150,3,0.9800000190734864,8,0.366178
150,4,0.9800000190734864,8,0.359511
150,2,0.9800000190734864,8,0.3508
150,4,0.9800000190734864,8,0.358844
150,5,0.9800000190734864,8,0.35
150,3,0.9800000190734864,8,0.364622
150,6,0.9800000190734864,8,0.3384
150,3,0.9800000190734864,8,0.365644
150,4,0.9800000190734864,8,0.3576
150,6,0.9800000190734864,8,0.341067
150,2,0.9800000190734864,8,0.361022
150,3,0.9800000190734864,8,0.360222
150,4,0.9800000190734864,8,0.354711
150,6,0.9800000190734864,8,0.3344
150,4,0.9800000190734864,8,0.354889
150,2,0.9800000190734864,8,0.357778
150,6,0.9800000190734864,8,0.34
150,6,0.9800000190734864,8,0.339333
150,4,0.9800000190734864,8,0.357467
150,4,0.9800000190734864,8,0.356578
150,4,0.9800000190734864,8,0.3576
150,5,0.9800000190734864,8,0.350844
150,3,0.9800000190734864,8,0.364578
150,3,0.9800000190734864,8,0.365244
150,5,0.9800000190734864,8,0.355067
150,4,0.9800000190734864,8,0.359333
150,3,0.9800000190734864,8,0.363689
150,3,0.9800000190734864,8,0.362089
150,5,0.9800000190734864,8,0.348978
150,3,0.9800000190734864,8,0.3588
150,6,0.9800000190734864,8,0.341067
150,4,0.9800000190734864,8,0.363867
150,4,0.9800000190734864,8,0.362178
150,4,0.9800000190734864,8,0.358356
150,6,0.9800000190734864,8,0.336089
150,2,0.9800000190734864,8,0.351822
150,6,0.9800000190734864,8,0.336667
150,6,0.9800000190734864,8,0.350978
150,4,0.9800000190734864,8,0.360356
150,5,0.9800000190734864,8,0.345111
150,4,0.9800000190734864,8,0.3564
150,4,0.9800000190734864,8,0.356578
150,5,0.9800000190734864,8,0.347733
150,2,0.9800000190734864,8,0.346267
150,5,0.9800000190734864,8,0.353467
150,3,0.9800000190734864,8,0.360489
150,3,0.9800000190734864,8,0.359778
150,5,0.9800000190734864,8,0.354
150,5,0.9800000190734864,8,0.352978
150,3,0.9800000190734864,8,0.364622
150,2,0.9800000190734864,8,0.351333
150,5,0.9800000190734864,8,0.348978
150,6,0.9800000190734864,8,0.338311
150,3,0.9800000190734864,8,0.366133
150,2,0.9800000190734864,8,0.342533
150,5,0.9800000190734864,8,0.351378
150,6,0.9800000190734864,8,0.342933
150,3,0.9800000190734864,8,0.363333
150,2,0.9800000190734864,8,0.343022
150,3,0.9800000190734864,8,0.369422
150,5,0.9800000190734864,8,0.348578
150,3,0.9800000190734864,8,0.364533
150,6,0.9800000190734864,8,0.336933
150,5,0.9800000190734864,8,0.357333
150,5,0.9800000190734864,8,0.348533
150,6,0.9800000190734864,8,0.335333
150,6,0.9800000190734864,8,0.344
150,4,0.9800000190734864,8,0.364889
150,4,0.9800000190734864,8,0.3636
150,2,0.9800000190734864,8,0.347867
150,4,0.9800000190734864,8,0.3596
150,6,0.9800000190734864,8,0.345378
150,4,0.9800000190734864,8,0.355022
150,4,0.9800000190734864,8,0.354489
150,2,0.9800000190734864,8,0.3396
150,2,0.9800000190734864,8,0.351022
150,6,0.9800000190734864,8,0.337378
150,4,0.9800000190734864,8,0.367511
150,6,0.9800000190734864,8,0.344
150,4,0.9800000190734864,8,0.364
150,6,0.9800000190734864,8,0.3428
150,4,0.9800000190734864,8,0.356133
150,2,0.9800000190734864,8,0.344489
150,4,0.9800000190734864,8,0.353289
150,6,0.9800000190734864,8,0.341111
150,3,0.9800000190734864,8,0.361378
150,5,0.9800000190734864,8,0.348356
150,5,0.9800000190734864,8,0.348356
150,2,0.9800000190734864,8,0.356667
150,6,0.9800000190734864,8,0.340533
150,3,0.9800000190734864,8,0.3756
150,2,0.9800000190734864,8,0.355244
150,4,0.9800000190734864,8,0.352844
150,3,0.9800000190734864,8,0.353333
150,5,0.9800000190734864,8,0.349778
150,6,0.9800000190734864,8,0.340933
150,2,0.9800000190734864,8,0.345378
150,4,0.9800000190734864,8,0.361378
150,4,0.9800000190734864,8,0.355244
150,2,0.9800000190734864,8,0.350444
150,2,0.9800000190734864,8,0.346444
150,4,0.9800000190734864,8,0.3568
150,5,0.9800000190734864,8,0.361956
150,6,0.9800000190734864,8,0.343289
150,3,0.9800000190734864,8,0.368622
150,4,0.9800000190734864,8,0.367244
150,3,0.9800000190734864,8,0.358889
150,2,0.9800000190734864,8,0.350578
150,3,0.9800000190734864,8,0.372133
150,6,0.9800000190734864,8,0.339956
150,5,0.9800000190734864,8,0.354756
150,4,0.9800000190734864,8,0.3596
150,6,0.9800000190734864,8,0.341911
150,4,0.9800000190734864,8,0.355956
150,6,0.9800000190734864,8,0.345467
150,6,0.9800000190734864,8,0.344311
150,3,0.9800000190734864,8,0.358489
150,4,0.9800000190734864,8,0.3624
150,4,0.9800000190734864,8,0.357644
150,6,0.9800000190734864,8,0.345733
150,2,0.9800000190734864,8,0.344089
150,5,0.9800000190734864,8,0.3516
150,5,0.9800000190734864,8,0.353289
150,4,0.9800000190734864,8,0.3588
150,2,0.9800000190734864,8,0.345644
150,4,0.9800000190734864,8,0.355956
150,3,0.9800000190734864,8,0.357156
150,4,0.9800000190734864,8,0.350844
150,3,0.9800000190734864,8,0.362044
150,6,0.9800000190734864,8,0.342222
150,3,0.9800000190734864,8,0.365111
150,5,0.9800000190734864,8,0.350756
150,3,0.9800000190734864,8,0.3624
150,2,0.9800000190734864,8,0.350044
150,6,0.9800000190734864,8,0.347867
150,3,0.9800000190734864,8,0.360622
150,3,0.9800000190734864,8,0.364
150,3,0.9800000190734864,8,0.368044
150,6,0.9800000190734864,8,0.344756
150,2,0.9800000190734864,8,0.348889
150,5,0.9800000190734864,8,0.350844
150,2,0.9800000190734864,8,0.344089
150,2,0.9800000190734864,8,0.351511
150,4,0.9800000190734864,8,0.3572
150,6,0.9800000190734864,8,0.343156
150,4,0.9800000190734864,8,0.354311
150,6,0.9800000190734864,8,0.346089
150,3,0.9800000190734864,8,0.366133
150,2,0.9800000190734864,8,0.349644
150,2,0.9800000190734864,8,0.355467
150,6,0.9800000190734864,8,0.333733
150,5,0.9800000190734864,8,0.354444
150,2,0.9800000190734864,8,0.344133
150,5,0.9800000190734864,8,0.3436
150,2,0.9800000190734864,8,0.351022
150,5,0.9800000190734864,8,0.353289
150,6,0.9800000190734864,8,0.337778
150,5,0.9800000190734864,8,0.352622
150,3,0.9800000190734864,8,0.364844
150,2,0.9800000190734864,8,0.3316
150,5,0.9800000190734864,8,0.345378
150,6,0.9800000190734864,8,0.340933
150,2,0.9800000190734864,8,0.353689
150,3,0.9800000190734864,8,0.356533
150,6,0.9800000190734864,8,0.335867
150,3,0.9800000190734864,8,0.364933
150,3,0.9800000190734864,8,0.363422
150,5,0.9800000190734864,8,0.352044
150,2,0.9800000190734864,8,0.344178
150,6,0.9800000190734864,8,0.340622
150,6,0.9800000190734864,8,0.346889
150,4,0.9800000190734864,8,0.365022
150,2,0.9800000190734864,8,0.355556
150,6,0.9800000190734864,8,0.342844
150,6,0.9800000190734864,8,0.3388
150,5,0.9800000190734864,8,0.346444
150,4,0.9800000190734864,8,0.359422
150,2,0.9800000190734864,8,0.350444
150,5,0.9800000190734864,8,0.355511
150,2,0.9800000190734864,8,0.350444
150,5,0.9800000190734864,8,0.353644
150,6,0.9800000190734864,8,0.337111
150,3,0.9800000190734864,8,0.356356
150,5,0.9800000190734864,8,0.350844
150,3,0.9800000190734864,8,0.356356
150,6,0.9800000190734864,8,0.337689
150,6,0.9800000190734864,8,0.347644
150,4,0.9800000190734864,8,0.355911
150,6,0.9800000190734864,8,0.343733
150,3,0.9800000190734864,8,0.364178
150,3,0.9800000190734864,8,0.365956
150,2,0.9800000190734864,8,0.3544
150,3,0.9800000190734864,8,0.3604
150,3,0.9800000190734864,8,0.364533
150,4,0.9800000190734864,8,0.356711
150,2,0.9800000190734864,8,0.355644
150,2,0.9800000190734864,8,0.3488
150,5,0.9800000190734864,8,0.352444
150,6,0.9800000190734864,8,0.335556
150,4,0.9800000190734864,8,0.356222
150,5,0.9800000190734864,8,0.347689
150,3,0.9800000190734864,8,0.360267
150,5,0.9800000190734864,8,0.345378
150,3,0.9800000190734864,8,0.357733
150,5,0.9800000190734864,8,0.348178
150,2,0.9800000190734864,8,0.343644
150,5,0.9800000190734864,8,0.3516
150,6,0.9800000190734864,8,0.347467
150,6,0.9800000190734864,8,0.339644
150,3,0.9800000190734864,8,0.357244
150,6,0.9800000190734864,8,0.347689
150,4,0.9800000190734864,8,0.3644
150,6,0.9800000190734864,8,0.336222
150,4,0.9800000190734864,8,0.358089
150,5,0.9800000190734864,8,0.3516
150,2,0.9800000190734864,8,0.342044
150,5,0.9800000190734864,8,0.349689
150,6,0.9800000190734864,8,0.3368
150,3,0.9800000190734864,8,0.359511
150,5,0.9800000190734864,8,0.349778
150,2,0.9800000190734864,8,0.359911
150,6,0.9800000190734864,8,0.3464
150,5,0.9800000190734864,8,0.349689
150,2,0.9800000190734864,8,0.352711
150,4,0.9800000190734864,8,0.356356
150,2,0.9800000190734864,8,0.354044
150,3,0.9800000190734864,8,0.354089
150,5,0.9800000190734864,8,0.351511
150,2,0.9800000190734864,8,0.349067
150,3,0.9800000190734864,8,0.363556
150,6,0.9800000190734864,8,0.344267
150,6,0.9800000190734864,8,0.335778
150,3,0.9800000190734864,8,0.355689
150,3,0.9800000190734864,8,0.366844
150,6,0.9800000190734864,8,0.343511
150,5,0.9800000190734864,8,0.353511
150,4,0.9800000190734864,8,0.364267
150,3,0.9800000190734864,8,0.361733
150,4,0.9800000190734864,8,0.356222
150,4,0.9800000190734864,8,0.360578
150,3,0.9800000190734864,8,0.359689
150,3,0.9800000190734864,8,0.362444
150,6,0.9800000190734864,8,0.343156
150,2,0.9800000190734864,8,0.353244
150,4,0.9800000190734864,8,0.356
150,2,0.9800000190734864,8,0.347689
150,6,0.9800000190734864,8,0.342933
150,2,0.9800000190734864,8,0.346311
150,6,0.9800000190734864,8,0.338444
150,5,0.9800000190734864,8,0.355378
150,6,0.9800000190734864,8,0.341956
150,4,0.9800000190734864,8,0.355511
150,4,0.9800000190734864,8,0.3648
150,5,0.9800000190734864,8,0.347156
150,3,0.9800000190734864,8,0.366444
150,6,0.9800000190734864,8,0.335689
150,5,0.9800000190734864,8,0.357644
150,2,0.9800000190734864,8,0.343956
150,2,0.9800000190734864,8,0.341911
150,6,0.9800000190734864,8,0.339956
150,5,0.9800000190734864,8,0.352
150,5,0.9800000190734864,8,0.349911
150,2,0.9800000190734864,8,0.344222
150,4,0.9800000190734864,8,0.358133
150,6,0.9800000190734864,8,0.342267
150,4,0.9800000190734864,8,0.357289
150,4,0.9800000190734864,8,0.354
150,4,0.9800000190734864,8,0.354133
150,6,0.9800000190734864,8,0.342222
150,5,0.9800000190734864,8,0.3448
150,6,0.9800000190734864,8,0.344578
150,4,0.9800000190734864,8,0.3536
150,2,0.9800000190734864,8,0.343911
150,3,0.9800000190734864,8,0.365867
150,2,0.9800000190734864,8,0.344533
150,5,0.9800000190734864,8,0.351956
150,5,0.9800000190734864,8,0.348578
150,4,0.9800000190734864,8,0.352356
150,5,0.9800000190734864,8,0.350089
150,5,0.9800000190734864,8,0.353022
150,5,0.9800000190734864,8,0.352711
150,6,0.9800000190734864,8,0.342356
150,5,0.9800000190734864,8,0.351289
150,5,0.9800000190734864,8,0.349911
150,3,0.9800000190734864,8,0.366444
150,3,0.9800000190734864,8,0.360533
150,5,0.9800000190734864,8,0.350756
150,3,0.9800000190734864,8,0.360711
150,4,0.9800000190734864,8,0.353867
150,5,0.9800000190734864,8,0.347733
150,2,0.9800000190734864,8,0.348533
150,2,0.9800000190734864,8,0.347644
150,3,0.9800000190734864,8,0.358889
150,4,0.9800000190734864,8,0.358622
150,2,0.9800000190734864,8,0.35
150,2,0.9800000190734864,8,0.344489
150,6,0.9800000190734864,8,0.340044
150,2,0.9800000190734864,8,0.351556
150,2,0.9800000190734864,8,0.343067
150,2,0.9800000190734864,8,0.338267
150,2,0.9800000190734864,8,0.355733
150,3,0.9800000190734864,8,0.351333
150,2,0.9800000190734864,8,0.347378
150,5,0.9800000190734864,8,0.3496
150,3,0.9800000190734864,8,0.366711
150,2,0.9800000190734864,8,0.354756
150,2,0.9800000190734864,8,0.340889
150,4,0.9800000190734864,8,0.357511
150,5,0.9800000190734864,8,0.352444
150,2,0.9800000190734864,8,0.348489
150,4,0.9800000190734864,8,0.356711
150,4,0.9800000190734864,8,0.364711
150,5,0.9800000190734864,8,0.354222
150,6,0.9800000190734864,8,0.3464
150,6,0.9800000190734864,8,0.344844
150,2,0.9800000190734864,8,0.343422
150,2,0.9800000190734864,8,0.352356
150,6,0.9800000190734864,8,0.346889
150,3,0.9800000190734864,8,0.363067
150,4,0.9800000190734864,8,0.358667
150,6,0.9800000190734864,8,0.342533
150,6,0.9800000190734864,8,0.341156
150,6,0.9800000190734864,8,0.345111
150,6,0.9800000190734864,8,0.3436
150,5,0.9800000190734864,8,0.355822
150,2,0.9800000190734864,8,0.338444
150,2,0.9800000190734864,8,0.348
150,6,0.9800000190734864,8,0.345378
150,6,0.9800000190734864,8,0.340978
150,5,0.9800000190734864,8,0.355556
150,2,0.9800000190734864,8,0.353333
150,2,0.9800000190734864,8,0.347556
150,2,0.9800000190734864,8,0.348311
150,4,0.9800000190734864,8,0.346178
150,3,0.9800000190734864,8,0.3684
150,2,0.9800000190734864,8,0.350978
150,5,0.9800000190734864,8,0.350711
150,4,0.9800000190734864,8,0.360533
150,5,0.9800000190734864,8,0.348622
150,2,0.9800000190734864,8,0.356933
150,2,0.9800000190734864,8,0.353644
150,5,0.9800000190734864,8,0.353467
150,4,0.9800000190734864,8,0.350844
150,6,0.9800000190734864,8,0.341556
150,3,0.9800000190734864,8,0.365467
150,5,0.9800000190734864,8,0.352756
150,3,0.9800000190734864,8,0.356978
150,2,0.9800000190734864,8,0.343156
150,3,0.9800000190734864,8,0.360267
150,3,0.9800000190734864,8,0.360133
150,4,0.9800000190734864,8,0.359244
150,5,0.9800000190734864,8,0.356089
150,5,0.9800000190734864,8,0.349511
150,2,0.9800000190734864,8,0.358444
150,2,0.9800000190734864,8,0.360133
150,4,0.9800000190734864,8,0.361778
150,5,0.9800000190734864,8,0.348978
150,2,0.9800000190734864,8,0.351378
150,3,0.9800000190734864,8,0.357867
150,5,0.9800000190734864,8,0.346356
150,2,0.9800000190734864,8,0.337644
150,4,0.9800000190734864,8,0.355022
150,5,0.9800000190734864,8,0.346222
150,2,0.9800000190734864,8,0.345511
150,6,0.9800000190734864,8,0.340622
150,6,0.9800000190734864,8,0.340356
150,6,0.9800000190734864,8,0.339511
150,6,0.9800000190734864,8,0.340711
150,4,0.9800000190734864,8,0.356089
150,5,0.9800000190734864,8,0.351511
150,4,0.9800000190734864,8,0.362267
150,2,0.9800000190734864,8,0.351244
150,2,0.9800000190734864,8,0.356711
150,6,0.9800000190734864,8,0.345067
150,6,0.9800000190734864,8,0.341644
150,5,0.9800000190734864,8,0.352444
150,6,0.9800000190734864,8,0.346267
150,3,0.9800000190734864,8,0.364178
150,2,0.9800000190734864,8,0.355956
150,6,0.9800000190734864,8,0.343156
150,3,0.9800000190734864,8,0.364489
150,3,0.9800000190734864,8,0.367111
150,3,0.9800000190734864,8,0.364489
150,3,0.9800000190734864,8,0.360044
150,4,0.9800000190734864,8,0.359422
150,4,0.9800000190734864,8,0.356489
150,3,0.9800000190734864,8,0.362711
150,4,0.9800000190734864,8,0.358178
150,2,0.9800000190734864,8,0.349956
150,4,0.9800000190734864,8,0.354044
150,3,0.9800000190734864,8,0.359689
150,6,0.9800000190734864,8,0.3408
150,4,0.9800000190734864,8,0.358489
150,3,0.9800000190734864,8,0.367378
150,6,0.9800000190734864,8,0.340267
150,3,0.9800000190734864,8,0.371111
150,3,0.9800000190734864,8,0.364978
150,5,0.9800000190734864,8,0.354311
150,2,0.9800000190734864,8,0.352533
150,2,0.9800000190734864,8,0.357156
150,3,0.9800000190734864,8,0.366267
150,2,0.9800000190734864,8,0.34
150,3,0.9800000190734864,8,0.354622
150,3,0.9800000190734864,8,0.356978
150,2,0.9800000190734864,8,0.3436
150,2,0.9800000190734864,8,0.353867
150,6,0.9800000190734864,8,0.342222
150,3,0.9800000190734864,8,0.362133
150,4,0.9800000190734864,8,0.363022
150,3,0.9800000190734864,8,0.366667
150,6,0.9800000190734864,8,0.342356
150,5,0.9800000190734864,8,0.348089
150,4,0.9800000190734864,8,0.355378
150,4,0.9800000190734864,8,0.3576
150,4,0.9800000190734864,8,0.349422
150,5,0.9800000190734864,8,0.346533
150,6,0.9800000190734864,8,0.340622
150,3,0.9800000190734864,8,0.362844
150,5,0.9800000190734864,8,0.349778
150,4,0.9800000190734864,8,0.357378
150,6,0.9800000190734864,8,0.341689
150,4,0.9800000190734864,8,0.355156
150,4,0.9800000190734864,8,0.353644
150,2,0.9800000190734864,8,0.344978
150,6,0.9800000190734864,8,0.344267
150,6,0.9800000190734864,8,0.348889
150,5,0.9800000190734864,8,0.357778
150,4,0.9800000190734864,8,0.3576
150,3,0.9800000190734864,8,0.361022
150,2,0.9800000190734864,8,0.348889
150,5,0.9800000190734864,8,0.351244
150,5,0.9800000190734864,8,0.357467
150,4,0.9800000190734864,8,0.349644
150,4,0.9800000190734864,8,0.361822
150,6,0.9800000190734864,8,0.341822
150,5,0.9800000190734864,8,0.346089
150,2,0.9800000190734864,8,0.348711
150,2,0.9800000190734864,8,0.342311
150,2,0.9800000190734864,8,0.344356
150,6,0.9800000190734864,8,0.338178
150,5,0.9800000190734864,8,0.355556
150,2,0.9800000190734864,8,0.355067
150,2,0.9800000190734864,8,0.336756
150,2,0.9800000190734864,8,0.346533
150,2,0.9800000190734864,8,0.353067
150,4,0.9800000190734864,8,0.360222
150,3,0.9800000190734864,8,0.359333
150,6,0.9800000190734864,8,0.343067
150,4,0.9800000190734864,8,0.360756
150,3,0.9800000190734864,8,0.362978
150,5,0.9800000190734864,8,0.354044
150,4,0.9800000190734864,8,0.355022
150,2,0.9800000190734864,8,0.344
150,2,0.9800000190734864,8,0.349156
150,6,0.9800000190734864,8,0.341733
150,5,0.9800000190734864,8,0.349289
150,5,0.9800000190734864,8,0.354578
150,2,0.9800000190734864,8,0.350489
150,4,0.9800000190734864,8,0.358933
150,4,0.9800000190734864,8,0.348978
150,5,0.9800000190734864,8,0.352667
150,4,0.9800000190734864,8,0.3604
150,3,0.9800000190734864,8,0.366356
150,4,0.9800000190734864,8,0.352489
150,3,0.9800000190734864,8,0.3648
150,5,0.9800000190734864,8,0.348
150,2,0.9800000190734864,8,0.3488
150,3,0.9800000190734864,8,0.358889
150,3,0.9800000190734864,8,0.3532
150,2,0.9800000190734864,8,0.345644
150,3,0.9800000190734864,8,0.368267
150,2,0.9800000190734864,8,0.345422
150,3,0.9800000190734864,8,0.361867
150,3,0.9800000190734864,8,0.369022
150,5,0.9800000190734864,8,0.347422
150,3,0.9800000190734864,8,0.361156
150,5,0.9800000190734864,8,0.356622
150,5,0.9800000190734864,8,0.347289
150,3,0.9800000190734864,8,0.367289
150,5,0.9800000190734864,8,0.347244
150,5,0.9800000190734864,8,0.350044
150,6,0.9800000190734864,8,0.343956
150,4,0.9800000190734864,8,0.355289
150,3,0.9800000190734864,8,0.358711
150,2,0.9800000190734864,8,0.343333
150,4,0.9800000190734864,8,0.361378
150,4,0.9800000190734864,8,0.357867
150,3,0.9800000190734864,8,0.3668
150,5,0.9800000190734864,8,0.355556
150,4,0.9800000190734864,8,0.363378
150,3,0.9800000190734864,8,0.356578
150,5,0.9800000190734864,8,0.354356
150,5,0.9800000190734864,8,0.3464
150,4,0.9800000190734864,8,0.354978
150,6,0.9800000190734864,8,0.337689
150,3,0.9800000190734864,8,0.367689
150,4,0.9800000190734864,8,0.3524
150,6,0.9800000190734864,8,0.3408
150,5,0.9800000190734864,8,0.349911
150,3,0.9800000190734864,8,0.358222
150,5,0.9800000190734864,8,0.352267
150,5,0.9800000190734864,8,0.356756
150,2,0.9800000190734864,8,0.349022
150,2,0.9800000190734864,8,0.350622
150,4,0.9800000190734864,8,0.360133
150,4,0.9800000190734864,8,0.357644
150,3,0.9800000190734864,8,0.359244
150,6,0.9800000190734864,8,0.346622
150,2,0.9800000190734864,8,0.354222
150,2,0.9800000190734864,8,0.339067
150,6,0.9800000190734864,8,0.344178
150,5,0.9800000190734864,8,0.351822
150,5,0.9800000190734864,8,0.352844
150,2,0.9800000190734864,8,0.357244
150,6,0.9800000190734864,8,0.338578
150,2,0.9800000190734864,8,0.346933
150,2,0.9800000190734864,8,0.358133
150,5,0.9800000190734864,8,0.3416
150,6,0.9800000190734864,8,0.340533
150,4,0.9800000190734864,8,0.360622
150,4,0.9800000190734864,8,0.361378
150,3,0.9800000190734864,8,0.361156
150,6,0.9800000190734864,8,0.3428
150,2,0.9800000190734864,8,0.358267
150,5,0.9800000190734864,8,0.349778
150,4,0.9800000190734864,8,0.356711
150,2,0.9800000190734864,8,0.344711
150,2,0.9800000190734864,8,0.350356
150,4,0.9800000190734864,8,0.353644
150,4,0.9800000190734864,8,0.356756
150,6,0.9800000190734864,8,0.3392
150,3,0.9800000190734864,8,0.372222
150,2,0.9800000190734864,8,0.353422
150,6,0.9800000190734864,8,0.339333
150,3,0.9800000190734864,8,0.356
150,6,0.9800000190734864,8,0.3336
150,5,0.9800000190734864,8,0.351733
150,2,0.9800000190734864,8,0.352356
150,4,0.9800000190734864,8,0.356267
150,6,0.9800000190734864,8,0.341022
150,4,0.9800000190734864,8,0.358756
150,2,0.9800000190734864,8,0.337911
150,6,0.9800000190734864,8,0.343378
150,2,0.9800000190734864,8,0.341778
150,5,0.9800000190734864,8,0.348444
150,2,0.9800000190734864,8,0.345067
150,2,0.9800000190734864,8,0.3404
150,5,0.9800000190734864,8,0.349911
150,5,0.9800000190734864,8,0.352756
150,5,0.9800000190734864,8,0.348844
150,2,0.9800000190734864,8,0.352933
150,2,0.9800000190734864,8,0.351778
150,6,0.9800000190734864,8,0.344978
150,3,0.9800000190734864,8,0.354178
150,5,0.9800000190734864,8,0.346089
150,6,0.9800000190734864,8,0.3368
150,3,0.9800000190734864,8,0.356311
150,3,0.9800000190734864,8,0.366267
150,2,0.9800000190734864,8,0.344311
150,2,0.9800000190734864,8,0.350089
150,2,0.9800000190734864,8,0.348178
150,4,0.9800000190734864,8,0.353333
150,6,0.9800000190734864,8,0.3448
150,5,0.9800000190734864,8,0.352844
150,6,0.9800000190734864,8,0.346044
150,5,0.9800000190734864,8,0.354667
150,3,0.9800000190734864,8,0.369467
150,6,0.9800000190734864,8,0.3444
150,4,0.9800000190734864,8,0.353689
150,3,0.9800000190734864,8,0.358711
150,4,0.9800000190734864,8,0.360222
150,2,0.9800000190734864,8,0.352889
150,3,0.9800000190734864,8,0.371111
150,2,0.9800000190734864,8,0.353822
150,6,0.9800000190734864,8,0.3384
150,4,0.9800000190734864,8,0.356667
150,5,0.9800000190734864,8,0.348933
150,6,0.9800000190734864,8,0.340489
150,4,0.9800000190734864,8,0.363956
150,4,0.9800000190734864,8,0.363822
150,2,0.9800000190734864,8,0.339022
150,2,0.9800000190734864,8,0.354444
150,2,0.9800000190734864,8,0.352622
150,6,0.9800000190734864,8,0.342489
150,5,0.9800000190734864,8,0.356978
150,2,0.9800000190734864,8,0.346444
150,5,0.9800000190734864,8,0.349778
150,2,0.9800000190734864,8,0.348356
150,6,0.9800000190734864,8,0.343644
150,4,0.9800000190734864,8,0.359022
150,5,0.9800000190734864,8,0.344667
150,3,0.9800000190734864,8,0.361644
150,4,0.9800000190734864,8,0.359644
150,6,0.9800000190734864,8,0.342667
150,3,0.9800000190734864,8,0.360178
150,4,0.9800000190734864,8,0.359733
150,2,0.9800000190734864,8,0.344889
150,5,0.9800000190734864,8,0.349333
150,6,0.9800000190734864,8,0.343778
150,3,0.9800000190734864,8,0.359067
150,5,0.9800000190734864,8,0.352578
150,5,0.9800000190734864,8,0.345956
150,4,0.9800000190734864,8,0.352356
150,2,0.9800000190734864,8,0.357333
150,4,0.9800000190734864,8,0.363156
150,4,0.9800000190734864,8,0.353511
150,4,0.9800000190734864,8,0.358578
150,4,0.9800000190734864,8,0.354978
150,6,0.9800000190734864,8,0.341956
150,3,0.9800000190734864,8,0.370089
150,2,0.9800000190734864,8,0.358622
150,2,0.9800000190734864,8,0.342356
150,2,0.9800000190734864,8,0.356533
150,5,0.9800000190734864,8,0.350222
150,2,0.9800000190734864,8,0.347689
150,3,0.9800000190734864,8,0.372311
150,6,0.9800000190734864,8,0.337822
150,3,0.9800000190734864,8,0.351022
150,3,0.9800000190734864,8,0.368267
150,2,0.9800000190734864,8,0.351022
150,4,0.9800000190734864,8,0.355067
150,4,0.9800000190734864,8,0.355733
150,4,0.9800000190734864,8,0.357556
150,2,0.9800000190734864,8,0.342844
150,3,0.9800000190734864,8,0.348667
150,6,0.9800000190734864,8,0.340356
150,6,0.9800000190734864,8,0.343644
150,2,0.9800000190734864,8,0.345511
150,5,0.9800000190734864,8,0.350267
150,5,0.9800000190734864,8,0.344533
150,3,0.9800000190734864,8,0.357156
150,3,0.9800000190734864,8,0.356933
150,6,0.9800000190734864,8,0.342667
150,4,0.9800000190734864,8,0.360711
150,2,0.9800000190734864,8,0.352889
150,6,0.9800000190734864,8,0.343067
150,4,0.9800000190734864,8,0.358889
150,4,0.9800000190734864,8,0.3676
150,3,0.9800000190734864,8,0.366089
150,5,0.9800000190734864,8,0.347556
150,3,0.9800000190734864,8,0.358311
150,4,0.9800000190734864,8,0.369111
150,4,0.9800000190734864,8,0.358667
150,5,0.9800000190734864,8,0.338178
150,6,0.9800000190734864,8,0.3404
150,3,0.9800000190734864,8,0.372756
150,3,0.9800000190734864,8,0.357822
150,3,0.9800000190734864,8,0.359067
150,5,0.9800000190734864,8,0.350622
150,5,0.9800000190734864,8,0.347022
150,3,0.9800000190734864,8,0.356978
150,6,0.9800000190734864,8,0.337067
150,4,0.9800000190734864,8,0.361422
150,5,0.9800000190734864,8,0.350622
150,4,0.9800000190734864,8,0.356756
150,5,0.9800000190734864,8,0.356222
150,5,0.9800000190734864,8,0.344089
150,3,0.9800000190734864,8,0.3628
150,2,0.9800000190734864,8,0.341778
150,2,0.9800000190734864,8,0.343956
150,4,0.9800000190734864,8,0.362089
150,5,0.9800000190734864,8,0.347067
150,3,0.9800000190734864,8,0.366267
150,4,0.9800000190734864,8,0.357822
150,4,0.9800000190734864,8,0.356178
150,6,0.9800000190734864,8,0.343556
150,2,0.9800000190734864,8,0.340267
150,6,0.9800000190734864,8,0.332711
150,4,0.9800000190734864,8,0.366533
150,6,0.9800000190734864,8,0.343111
150,6,0.9800000190734864,8,0.343422
150,5,0.9800000190734864,8,0.345911
150,2,0.9800000190734864,8,0.347067
150,3,0.9800000190734864,8,0.363822
150,6,0.9800000190734864,8,0.340578
150,4,0.9800000190734864,8,0.352533
150,3,0.9800000190734864,8,0.367822
150,3,0.9800000190734864,8,0.364667
150,3,0.9800000190734864,8,0.3628
150,3,0.9800000190734864,8,0.357689
150,5,0.9800000190734864,8,0.345422
150,2,0.9800000190734864,8,0.360889
150,3,0.9800000190734864,8,0.363511
150,6,0.9800000190734864,8,0.344356
150,2,0.9800000190734864,8,0.345467
150,6,0.9800000190734864,8,0.340756
150,3,0.9800000190734864,8,0.369022
150,3,0.9800000190734864,8,0.366089
150,3,0.9800000190734864,8,0.358978
150,3,0.9800000190734864,8,0.3652
150,5,0.9800000190734864,8,0.348711
150,3,0.9800000190734864,8,0.358889
150,3,0.9800000190734864,8,0.367067
150,5,0.9800000190734864,8,0.342622
150,2,0.9800000190734864,8,0.343022
150,6,0.9800000190734864,8,0.341022
150,6,0.9800000190734864,8,0.338533
150,2,0.9800000190734864,8,0.3452
150,2,0.9800000190734864,8,0.358889
150,6,0.9800000190734864,8,0.340089
150,5,0.9800000190734864,8,0.3532
150,2,0.9800000190734864,8,0.344044
150,6,0.9800000190734864,8,0.341378
150,4,0.9800000190734864,8,0.366444
150,4,0.9800000190734864,8,0.358356
150,2,0.9800000190734864,8,0.362889
150,5,0.9800000190734864,8,0.350267
150,2,0.9800000190734864,8,0.351867
150,3,0.9800000190734864,8,0.363333
150,4,0.9800000190734864,8,0.358044
150,3,0.9800000190734864,8,0.361778
150,4,0.9800000190734864,8,0.363644
150,5,0.9800000190734864,8,0.350711
150,4,0.9800000190734864,8,0.359511
150,3,0.9800000190734864,8,0.362356
150,4,0.9800000190734864,8,0.358133
150,4,0.9800000190734864,8,0.354489
150,4,0.9800000190734864,8,0.358133
150,3,0.9800000190734864,8,0.354178
150,3,0.9800000190734864,8,0.3624
150,3,0.9800000190734864,8,0.367378
150,5,0.9800000190734864,8,0.356756
150,2,0.9800000190734864,8,0.356044
150,2,0.9800000190734864,8,0.345156
150,4,0.9800000190734864,8,0.365689
150,5,0.9800000190734864,8,0.353867
150,2,0.9800000190734864,8,0.344311
150,6,0.9800000190734864,8,0.338356
150,3,0.9800000190734864,8,0.361689
150,5,0.9800000190734864,8,0.348711
150,3,0.9800000190734864,8,0.360711
150,5,0.9800000190734864,8,0.347244
150,6,0.9800000190734864,8,0.3372
150,2,0.9800000190734864,8,0.352133
150,2,0.9800000190734864,8,0.345733
150,3,0.9800000190734864,8,0.361822
150,4,0.9800000190734864,8,0.361511
150,4,0.9800000190734864,8,0.357556
150,4,0.9800000190734864,8,0.359644
150,2,0.9800000190734864,8,0.349244
150,3,0.9800000190734864,8,0.351378
150,5,0.9800000190734864,8,0.3504
150,2,0.9800000190734864,8,0.347867
150,5,0.9800000190734864,8,0.3488
150,2,0.9800000190734864,8,0.350978
150,3,0.9800000190734864,8,0.356
150,2,0.9800000190734864,8,0.3584
150,2,0.9800000190734864,8,0.345156
150,2,0.9800000190734864,8,0.344578
150,3,0.9800000190734864,8,0.361956
150,6,0.9800000190734864,8,0.336844
150,5,0.9800000190734864,8,0.350222
150,5,0.9800000190734864,8,0.347422
150,2,0.9800000190734864,8,0.338
150,4,0.9800000190734864,8,0.359422
150,5,0.9800000190734864,8,0.353422
150,4,0.9800000190734864,8,0.354978
150,2,0.9800000190734864,8,0.353556
150,3,0.9800000190734864,8,0.354933
150,5,0.9800000190734864,8,0.349333
150,3,0.9800000190734864,8,0.358711
150,4,0.9800000190734864,8,0.362711
150,3,0.9800000190734864,8,0.358711
150,2,0.9800000190734864,8,0.353733
150,3,0.9800000190734864,8,0.358178
150,3,0.9800000190734864,8,0.364533
150,3,0.9800000190734864,8,0.360933
150,6,0.9800000190734864,8,0.341689
150,2,0.9800000190734864,8,0.352667
150,2,0.9800000190734864,8,0.344044
150,4,0.9800000190734864,8,0.352578
150,3,0.9800000190734864,8,0.363956
150,3,0.9800000190734864,8,0.3604
150,2,0.9800000190734864,8,0.342844
150,4,0.9800000190734864,8,0.3524
150,6,0.9800000190734864,8,0.339156
150,5,0.9800000190734864,8,0.355333
150,4,0.9800000190734864,8,0.363911
150,2,0.9800000190734864,8,0.3488
150,4,0.9800000190734864,8,0.357911
150,2,0.9800000190734864,8,0.357733
150,4,0.9800000190734864,8,0.363244
150,4,0.9800000190734864,8,0.350533
150,2,0.9800000190734864,8,0.353644
150,2,0.9800000190734864,8,0.3428
150,5,0.9800000190734864,8,0.355111
150,2,0.9800000190734864,8,0.344222
150,5,0.9800000190734864,8,0.342889
150,6,0.9800000190734864,8,0.332356
150,4,0.9800000190734864,8,0.356933
150,4,0.9800000190734864,8,0.359156
150,3,0.9800000190734864,8,0.359378
150,4,0.9800000190734864,8,0.355022
150,5,0.9800000190734864,8,0.347467
150,4,0.9800000190734864,8,0.360044
150,4,0.9800000190734864,8,0.355911
150,4,0.9800000190734864,8,0.356844
150,3,0.9800000190734864,8,0.365333
150,3,0.9800000190734864,8,0.363022
150,6,0.9800000190734864,8,0.343333
150,4,0.9800000190734864,8,0.360222
150,6,0.9800000190734864,8,0.3472
150,2,0.9800000190734864,8,0.354889
150,5,0.9800000190734864,8,0.3492
150,5,0.9800000190734864,8,0.351067
150,3,0.9800000190734864,8,0.3668
150,5,0.9800000190734864,8,0.354267
150,3,0.9800000190734864,8,0.369378
150,5,0.9800000190734864,8,0.357467
150,3,0.9800000190734864,8,0.361022
150,3,0.9800000190734864,8,0.366622
150,3,0.9800000190734864,8,0.359422
150,6,0.9800000190734864,8,0.341289
150,5,0.9800000190734864,8,0.343867
150,2,0.9800000190734864,8,0.352933
150,5,0.9800000190734864,8,0.3504
150,6,0.9800000190734864,8,0.3464
150,2,0.9800000190734864,8,0.344756
150,6,0.9800000190734864,8,0.339733
150,2,0.9800000190734864,8,0.335778
150,3,0.9800000190734864,8,0.351778
150,5,0.9800000190734864,8,0.353689
150,3,0.9800000190734864,8,0.360978
150,3,0.9800000190734864,8,0.361378
150,5,0.9800000190734864,8,0.345422
150,4,0.9800000190734864,8,0.3536
150,2,0.9800000190734864,8,0.336044
150,4,0.9800000190734864,8,0.358533
150,4,0.9800000190734864,8,0.358267
150,2,0.9800000190734864,8,0.350311
150,6,0.9800000190734864,8,0.343778
150,4,0.9800000190734864,8,0.366489
150,6,0.9800000190734864,8,0.339956
150,5,0.9800000190734864,8,0.352178
150,2,0.9800000190734864,8,0.3472
150,4,0.9800000190734864,8,0.3576
150,3,0.9800000190734864,8,0.358356
150,5,0.9800000190734864,8,0.357556
150,3,0.9800000190734864,8,0.353822
150,3,0.9800000190734864,8,0.355867
150,6,0.9800000190734864,8,0.344267
150,5,0.9800000190734864,8,0.351778
150,2,0.9800000190734864,8,0.358444
150,6,0.9800000190734864,8,0.336844
150,2,0.9800000190734864,8,0.354889
150,5,0.9800000190734864,8,0.350356
150,3,0.9800000190734864,8,0.364711
150,2,0.9800000190734864,8,0.351111
150,2,0.9800000190734864,8,0.349422
150,3,0.9800000190734864,8,0.363822
150,6,0.9800000190734864,8,0.3428
150,6,0.9800000190734864,8,0.343956
150,4,0.9800000190734864,8,0.362178
150,3,0.9800000190734864,8,0.360311
150,2,0.9800000190734864,8,0.347511
150,2,0.9800000190734864,8,0.3524
150,3,0.9800000190734864,8,0.368933
150,5,0.9800000190734864,8,0.352089
150,2,0.9800000190734864,8,0.349689
150,2,0.9800000190734864,8,0.348667
150,4,0.9800000190734864,8,0.3564
150,6,0.9800000190734864,8,0.334756
150,4,0.9800000190734864,8,0.359111
150,6,0.9800000190734864,8,0.343467
150,6,0.9800000190734864,8,0.341111
150,6,0.9800000190734864,8,0.340622
150,5,0.9800000190734864,8,0.347289
150,2,0.9800000190734864,8,0.339022
150,6,0.9800000190734864,8,0.337111
150,2,0.9800000190734864,8,0.347067
150,3,0.9800000190734864,8,0.353867
150,2,0.9800000190734864,8,0.351289
150,2,0.9800000190734864,8,0.350978
150,5,0.9800000190734864,8,0.355644
150,6,0.9800000190734864,8,0.341689
150,6,0.9800000190734864,8,0.345067
150,3,0.9800000190734864,8,0.351778
150,4,0.9800000190734864,8,0.355289
150,5,0.9800000190734864,8,0.344533
150,4,0.9800000190734864,8,0.3528
150,2,0.9800000190734864,8,0.342
150,5,0.9800000190734864,8,0.349911
150,6,0.9800000190734864,8,0.340489
150,3,0.9800000190734864,8,0.362489
150,2,0.9800000190734864,8,0.353333
150,2,0.9800000190734864,8,0.3456
150,4,0.9800000190734864,8,0.361778
150,5,0.9800000190734864,8,0.349511
150,6,0.9800000190734864,8,0.343867
150,6,0.9800000190734864,8,0.343689
150,4,0.9800000190734864,8,0.360889
150,4,0.9800000190734864,8,0.36
150,3,0.9800000190734864,8,0.364
150,2,0.9800000190734864,8,0.349422
150,5,0.9800000190734864,8,0.344089
150,4,0.9800000190734864,8,0.359244
150,2,0.9800000190734864,8,0.342222
150,5,0.9800000190734864,8,0.351156
150,4,0.9800000190734864,8,0.359467
150,4,0.9800000190734864,8,0.364178
150,4,0.9800000190734864,8,0.354044
150,3,0.9800000190734864,8,0.360356
150,5,0.9800000190734864,8,0.345244
150,5,0.9800000190734864,8,0.359289
150,6,0.9800000190734864,8,0.348667
150,3,0.9800000190734864,8,0.367911
150,5,0.9800000190734864,8,0.3536
150,6,0.9800000190734864,8,0.344622
150,2,0.9800000190734864,8,0.344489
150,4,0.9800000190734864,8,0.360578
150,2,0.9800000190734864,8,0.336222
150,5,0.9800000190734864,8,0.351156
150,5,0.9800000190734864,8,0.347956
150,4,0.9800000190734864,8,0.351111
150,5,0.9800000190734864,8,0.349511
150,6,0.9800000190734864,8,0.347244
150,5,0.9800000190734864,8,0.344311
150,6,0.9800000190734864,8,0.338889
150,2,0.9800000190734864,8,0.350489
150,6,0.9800000190734864,8,0.3344
150,5,0.9800000190734864,8,0.358844
150,6,0.9800000190734864,8,0.345156
150,2,0.9800000190734864,8,0.353644
150,6,0.9800000190734864,8,0.339778
150,5,0.9800000190734864,8,0.350889
150,3,0.9800000190734864,8,0.366311
150,5,0.9800000190734864,8,0.353689
150,4,0.9800000190734864,8,0.3572
150,5,0.9800000190734864,8,0.354089
150,4,0.9800000190734864,8,0.358489
150,3,0.9800000190734864,8,0.355289
150,2,0.9800000190734864,8,0.347289
150,3,0.9800000190734864,8,0.361333
150,2,0.9800000190734864,8,0.348622
150,4,0.9800000190734864,8,0.359156
150,6,0.9800000190734864,8,0.336133
150,2,0.9800000190734864,8,0.347867
150,2,0.9800000190734864,8,0.352711
150,3,0.9800000190734864,8,0.362844
150,5,0.9800000190734864,8,0.350044
150,6,0.9800000190734864,8,0.344711
150,3,0.9800000190734864,8,0.364044
150,6,0.9800000190734864,8,0.341689
150,2,0.9800000190734864,8,0.342089
150,5,0.9800000190734864,8,0.3508
150,2,0.9800000190734864,8,0.352667
150,4,0.9800000190734864,8,0.354844
150,6,0.9800000190734864,8,0.347067
150,4,0.9800000190734864,8,0.363333
150,3,0.9800000190734864,8,0.365111
150,5,0.9800000190734864,8,0.350356
150,5,0.9800000190734864,8,0.343956
150,4,0.9800000190734864,8,0.363022
150,4,0.9800000190734864,8,0.359022
150,6,0.9800000190734864,8,0.342844
150,2,0.9800000190734864,8,0.345867
150,6,0.9800000190734864,8,0.334978
150,6,0.9800000190734864,8,0.34
150,3,0.9800000190734864,8,0.358978
150,3,0.9800000190734864,8,0.357911
150,2,0.9800000190734864,8,0.3392
150,2,0.9800000190734864,8,0.337778
150,2,0.9800000190734864,8,0.344578
150,2,0.9800000190734864,8,0.339022
150,3,0.9800000190734864,8,0.361778
150,6,0.9800000190734864,8,0.342844
150,3,0.9800000190734864,8,0.361733
150,2,0.9800000190734864,8,0.3556
150,6,0.9800000190734864,8,0.338978
150,6,0.9800000190734864,8,0.340311
150,6,0.9800000190734864,8,0.339956
150,3,0.9800000190734864,8,0.354756
150,3,0.9800000190734864,8,0.361378
150,4,0.9800000190734864,8,0.357956
150,5,0.9800000190734864,8,0.354711
150,5,0.9800000190734864,8,0.350533
150,3,0.9800000190734864,8,0.366844
150,2,0.9800000190734864,8,0.355778
150,3,0.9800000190734864,8,0.366444
150,3,0.9800000190734864,8,0.361511
150,3,0.9800000190734864,8,0.361022
150,4,0.9800000190734864,8,0.360089
150,4,0.9800000190734864,8,0.363911
150,6,0.9800000190734864,8,0.346044
150,5,0.9800000190734864,8,0.350267
150,3,0.9800000190734864,8,0.368356
150,3,0.9800000190734864,8,0.3584
150,2,0.9800000190734864,8,0.345733
150,3,0.9800000190734864,8,0.365511
150,6,0.9800000190734864,8,0.342089
150,2,0.9800000190734864,8,0.3404
150,4,0.9800000190734864,8,0.356356
150,2,0.9800000190734864,8,0.358978
150,6,0.9800000190734864,8,0.343511
150,3,0.9800000190734864,8,0.356133
150,2,0.9800000190734864,8,0.351289
150,3,0.9800000190734864,8,0.362978
150,3,0.9800000190734864,8,0.356178
150,6,0.9800000190734864,8,0.338
150,2,0.9800000190734864,8,0.347422
150,2,0.9800000190734864,8,0.3568
150,6,0.9800000190734864,8,0.343022
150,2,0.9800000190734864,8,0.340533
150,4,0.9800000190734864,8,0.3608
150,2,0.9800000190734864,8,0.337422
150,5,0.9800000190734864,8,0.352711
150,4,0.9800000190734864,8,0.360844
150,3,0.9800000190734864,8,0.357733
150,6,0.9800000190734864,8,0.3444
150,2,0.9800000190734864,8,0.348711
150,6,0.9800000190734864,8,0.342622
150,6,0.9800000190734864,8,0.339467
150,4,0.9800000190734864,8,0.352667
150,2,0.9800000190734864,8,0.343867
150,2,0.9800000190734864,8,0.352444
150,3,0.9800000190734864,8,0.360044
150,5,0.9800000190734864,8,0.348756
150,5,0.9800000190734864,8,0.355911
150,4,0.9800000190734864,8,0.351511
150,6,0.9800000190734864,8,0.344533
150,5,0.9800000190734864,8,0.352044
150,5,0.9800000190734864,8,0.349556
150,2,0.9800000190734864,8,0.346089
150,5,0.9800000190734864,8,0.352533
150,4,0.9800000190734864,8,0.357689
150,3,0.9800000190734864,8,0.360311
150,6,0.9800000190734864,8,0.341333
150,4,0.9800000190734864,8,0.362978
150,5,0.9800000190734864,8,0.355067
150,6,0.9800000190734864,8,0.337956
150,6,0.9800000190734864,8,0.339067
150,5,0.9800000190734864,8,0.354756
150,2,0.9800000190734864,8,0.347156
150,2,0.9800000190734864,8,0.342711
150,6,0.9800000190734864,8,0.335778
150,5,0.9800000190734864,8,0.348667
150,4,0.9800000190734864,8,0.357911
150,5,0.9800000190734864,8,0.347022
150,4,0.9800000190734864,8,0.364133
150,2,0.9800000190734864,8,0.346756
150,2,0.9800000190734864,8,0.360667
150,3,0.9800000190734864,8,0.362444
150,3,0.9800000190734864,8,0.372711
150,4,0.9800000190734864,8,0.358044
150,4,0.9800000190734864,8,0.360267
150,3,0.9800000190734864,8,0.361022
150,2,0.9800000190734864,8,0.343733
150,6,0.9800000190734864,8,0.340356
150,4,0.9800000190734864,8,0.365911
150,5,0.9800000190734864,8,0.351644
150,4,0.9800000190734864,8,0.359156
150,6,0.9800000190734864,8,0.335956
150,5,0.9800000190734864,8,0.354178
150,4,0.9800000190734864,8,0.350978
150,3,0.9800000190734864,8,0.359111
150,2,0.9800000190734864,8,0.352044
150,4,0.9800000190734864,8,0.356444
150,6,0.9800000190734864,8,0.342089
150,3,0.9800000190734864,8,0.356089
150,6,0.9800000190734864,8,0.340089
150,6,0.9800000190734864,8,0.336711
150,4,0.9800000190734864,8,0.357289
150,2,0.9800000190734864,8,0.342622
150,5,0.9800000190734864,8,0.352311
150,2,0.9800000190734864,8,0.326044
150,2,0.9800000190734864,8,0.353867
150,5,0.9800000190734864,8,0.347511
150,2,0.9800000190734864,8,0.349244
150,4,0.9800000190734864,8,0.363244
150,2,0.9800000190734864,8,0.348667
150,3,0.9800000190734864,8,0.353867
150,6,0.9800000190734864,8,0.342978
150,6,0.9800000190734864,8,0.3432
150,5,0.9800000190734864,8,0.354622
150,3,0.9800000190734864,8,0.362489
150,5,0.9800000190734864,8,0.352844
150,6,0.9800000190734864,8,0.339822
150,2,0.9800000190734864,8,0.348667
150,3,0.9800000190734864,8,0.352489
150,3,0.9800000190734864,8,0.371333
150,2,0.9800000190734864,8,0.354089
150,2,0.9800000190734864,8,0.351733
150,3,0.9800000190734864,8,0.3692
150,5,0.9800000190734864,8,0.3492
150,5,0.9800000190734864,8,0.356
150,5,0.9800000190734864,8,0.351867
150,4,0.9800000190734864,8,0.359378
150,5,0.9800000190734864,8,0.344444
150,4,0.9800000190734864,8,0.353511
150,2,0.9800000190734864,8,0.342578
150,2,0.9800000190734864,8,0.331289
150,5,0.9800000190734864,8,0.350933
150,3,0.9800000190734864,8,0.362222
150,4,0.9800000190734864,8,0.354356
150,5,0.9800000190734864,8,0.357244
150,4,0.9800000190734864,8,0.360267
150,5,0.9800000190734864,8,0.346889
150,4,0.9800000190734864,8,0.36
150,5,0.9800000190734864,8,0.349289
150,3,0.9800000190734864,8,0.364844
150,5,0.9800000190734864,8,0.349556
150,3,0.9800000190734864,8,0.362444
150,2,0.9800000190734864,8,0.346667
150,6,0.9800000190734864,8,0.343156
150,6,0.9800000190734864,8,0.334444
150,5,0.9800000190734864,8,0.343244
150,4,0.9800000190734864,8,0.361911
150,3,0.9800000190734864,8,0.360044
150,3,0.9800000190734864,8,0.364444
150,6,0.9800000190734864,8,0.337644
150,3,0.9800000190734864,8,0.366933
150,2,0.9800000190734864,8,0.351733
150,5,0.9800000190734864,8,0.347956
150,2,0.9800000190734864,8,0.338622
150,5,0.9800000190734864,8,0.348444
150,4,0.9800000190734864,8,0.364667
150,5,0.9800000190734864,8,0.352356
150,3,0.9800000190734864,8,0.364133
150,5,0.9800000190734864,8,0.348222
150,5,0.9800000190734864,8,0.353333
150,2,0.9800000190734864,8,0.347156
150,3,0.9800000190734864,8,0.372133
150,5,0.9800000190734864,8,0.3516
150,3,0.9800000190734864,8,0.367689
150,5,0.9800000190734864,8,0.350089
150,5,0.9800000190734864,8,0.348756
150,6,0.9800000190734864,8,0.339733
150,6,0.9800000190734864,8,0.341289
150,5,0.9800000190734864,8,0.343733
150,3,0.9800000190734864,8,0.364578
150,4,0.9800000190734864,8,0.356444
150,4,0.9800000190734864,8,0.355333
150,2,0.9800000190734864,8,0.351156
150,5,0.9800000190734864,8,0.348711
150,5,0.9800000190734864,8,0.349911
150,2,0.9800000190734864,8,0.349022
150,3,0.9800000190734864,8,0.363511
150,4,0.9800000190734864,8,0.354533
150,2,0.9800000190734864,8,0.352267
150,4,0.9800000190734864,8,0.364933
150,4,0.9800000190734864,8,0.351467
150,3,0.9800000190734864,8,0.3624
150,6,0.9800000190734864,8,0.333467
150,5,0.9800000190734864,8,0.354489
150,3,0.9800000190734864,8,0.356267
150,5,0.9800000190734864,8,0.353867
150,2,0.9800000190734864,8,0.3456
150,3,0.9800000190734864,8,0.368444
150,2,0.9800000190734864,8,0.343911
150,6,0.9800000190734864,8,0.339378
150,6,0.9800000190734864,8,0.335911
150,6,0.9800000190734864,8,0.345733
150,6,0.9800000190734864,8,0.340133
150,4,0.9800000190734864,8,0.3568
150,3,0.9800000190734864,8,0.364089
150,6,0.9800000190734864,8,0.344089
150,5,0.9800000190734864,8,0.358844
150,4,0.9800000190734864,8,0.357422
150,2,0.9800000190734864,8,0.335333
150,5,0.9800000190734864,8,0.350267
150,4,0.9800000190734864,8,0.360933
150,5,0.9800000190734864,8,0.352711
150,3,0.9800000190734864,8,0.360933
150,2,0.9800000190734864,8,0.348311
150,5,0.9800000190734864,8,0.351689
150,6,0.9800000190734864,8,0.342356
150,3,0.9800000190734864,8,0.366444
150,6,0.9800000190734864,8,0.3448
150,3,0.9800000190734864,8,0.372756
150,5,0.9800000190734864,8,0.357511
150,5,0.9800000190734864,8,0.350311
150,3,0.9800000190734864,8,0.358622
150,5,0.9800000190734864,8,0.352444
150,5,0.9800000190734864,8,0.354978
150,5,0.9800000190734864,8,0.359822
150,2,0.9800000190734864,8,0.342178
150,4,0.9800000190734864,8,0.361244
150,2,0.9800000190734864,8,0.343111
150,5,0.9800000190734864,8,0.350089
150,5,0.9800000190734864,8,0.351111
150,4,0.9800000190734864,8,0.360356
150,5,0.9800000190734864,8,0.344978
150,2,0.9800000190734864,8,0.346267
150,4,0.9800000190734864,8,0.363067
150,4,0.9800000190734864,8,0.353156
150,2,0.9800000190734864,8,0.355378
150,6,0.9800000190734864,8,0.339556
150,2,0.9800000190734864,8,0.344711
150,2,0.9800000190734864,8,0.349956
150,2,0.9800000190734864,8,0.350622
150,4,0.9800000190734864,8,0.356044
150,4,0.9800000190734864,8,0.357778
150,6,0.9800000190734864,8,0.340133
150,3,0.9800000190734864,8,0.360844
150,3,0.9800000190734864,8,0.368978
150,6,0.9800000190734864,8,0.336933
150,5,0.9800000190734864,8,0.348978
150,4,0.9800000190734864,8,0.362311
150,6,0.9800000190734864,8,0.343956
150,3,0.9800000190734864,8,0.366044
150,3,0.9800000190734864,8,0.362489
150,3,0.9800000190734864,8,0.357644
150,5,0.9800000190734864,8,0.350222
150,5,0.9800000190734864,8,0.348044
150,4,0.9800000190734864,8,0.356044
150,4,0.9800000190734864,8,0.362711
150,2,0.9800000190734864,8,0.342489
150,2,0.9800000190734864,8,0.344489
150,3,0.9800000190734864,8,0.362356
150,2,0.9800000190734864,8,0.334133
150,6,0.9800000190734864,8,0.341733
150,6,0.9800000190734864,8,0.337867
150,2,0.9800000190734864,8,0.348133
150,2,0.9800000190734864,8,0.360089
150,2,0.9800000190734864,8,0.350711
150,4,0.9800000190734864,8,0.359867
150,6,0.9800000190734864,8,0.343156
150,2,0.9800000190734864,8,0.347556
150,2,0.9800000190734864,8,0.349733
150,6,0.9800000190734864,8,0.339778
150,5,0.9800000190734864,8,0.349156
150,4,0.9800000190734864,8,0.367022
150,6,0.9800000190734864,8,0.348178
150,3,0.9800000190734864,8,0.359733
150,2,0.9800000190734864,8,0.352933
150,6,0.9800000190734864,8,0.339778
150,4,0.9800000190734864,8,0.3692
150,6,0.9800000190734864,8,0.341022
150,4,0.9800000190734864,8,0.362489
150,4,0.9800000190734864,8,0.360933
150,2,0.9800000190734864,8,0.352889
150,4,0.9800000190734864,8,0.357067
150,4,0.9800000190734864,8,0.363378
150,4,0.9800000190734864,8,0.361822
150,3,0.9800000190734864,8,0.364667
150,5,0.9800000190734864,8,0.349644
150,6,0.9800000190734864,8,0.349422
150,6,0.9800000190734864,8,0.339467
150,3,0.9800000190734864,8,0.362622
150,2,0.9800000190734864,8,0.357511
150,5,0.9800000190734864,8,0.350711
150,6,0.9800000190734864,8,0.3448
150,2,0.9800000190734864,8,0.354
150,3,0.9800000190734864,8,0.359689
150,2,0.9800000190734864,8,0.343689
150,3,0.9800000190734864,8,0.360356
150,5,0.9800000190734864,8,0.349911
150,2,0.9800000190734864,8,0.352311
150,4,0.9800000190734864,8,0.3568
150,5,0.9800000190734864,8,0.349911
150,6,0.9800000190734864,8,0.347556
150,3,0.9800000190734864,8,0.364844
150,4,0.9800000190734864,8,0.3596
150,5,0.9800000190734864,8,0.352667
150,6,0.9800000190734864,8,0.338978
150,4,0.9800000190734864,8,0.362756
150,6,0.9800000190734864,8,0.337556
150,2,0.9800000190734864,8,0.352222
150,2,0.9800000190734864,8,0.349289
150,6,0.9800000190734864,8,0.345511
150,4,0.9800000190734864,8,0.354533
150,3,0.9800000190734864,8,0.365422
150,6,0.9800000190734864,8,0.343778
150,6,0.9800000190734864,8,0.338578
150,5,0.9800000190734864,8,0.348089
150,2,0.9800000190734864,8,0.366178
150,4,0.9800000190734864,8,0.352089
150,5,0.9800000190734864,8,0.352044
150,6,0.9800000190734864,8,0.336356
150,4,0.9800000190734864,8,0.350533
150,5,0.9800000190734864,8,0.347689
150,6,0.9800000190734864,8,0.340089
150,4,0.9800000190734864,8,0.367778
150,2,0.9800000190734864,8,0.355422
150,6,0.9800000190734864,8,0.345644
150,6,0.9800000190734864,8,0.338933
150,6,0.9800000190734864,8,0.337778
150,3,0.9800000190734864,8,0.359911
150,2,0.9800000190734864,8,0.344133
150,4,0.9800000190734864,8,0.3592
150,2,0.9800000190734864,8,0.349867
150,2,0.9800000190734864,8,0.356222
150,2,0.9800000190734864,8,0.347867
150,3,0.9800000190734864,8,0.355556
150,6,0.9800000190734864,8,0.337867
150,2,0.9800000190734864,8,0.346311
150,5,0.9800000190734864,8,0.351156
150,2,0.9800000190734864,8,0.355556
150,4,0.9800000190734864,8,0.356
150,5,0.9800000190734864,8,0.348356
150,3,0.9800000190734864,8,0.366578
150,5,0.9800000190734864,8,0.346889
150,6,0.9800000190734864,8,0.339644
150,3,0.9800000190734864,8,0.361867
150,3,0.9800000190734864,8,0.354044
150,5,0.9800000190734864,8,0.342933
150,5,0.9800000190734864,8,0.344889
150,2,0.9800000190734864,8,0.347156
150,2,0.9800000190734864,8,0.359244
150,5,0.9800000190734864,8,0.350622
150,5,0.9800000190734864,8,0.349867
150,3,0.9800000190734864,8,0.363289
150,6,0.9800000190734864,8,0.337378
150,5,0.9800000190734864,8,0.351333
150,6,0.9800000190734864,8,0.340756
150,3,0.9800000190734864,8,0.3648
150,4,0.9800000190734864,8,0.3544
150,4,0.9800000190734864,8,0.354711
150,5,0.9800000190734864,8,0.352222
150,2,0.9800000190734864,8,0.347511
150,3,0.9800000190734864,8,0.362578
150,2,0.9800000190734864,8,0.348978
150,5,0.9800000190734864,8,0.3548
150,2,0.9800000190734864,8,0.349733
150,5,0.9800000190734864,8,0.345778
150,5,0.9800000190734864,8,0.348667
150,6,0.9800000190734864,8,0.343778
150,6,0.9800000190734864,8,0.339644
150,2,0.9800000190734864,8,0.346933
150,6,0.9800000190734864,8,0.340667
150,3,0.9800000190734864,8,0.359689
150,6,0.9800000190734864,8,0.342533
150,6,0.9800000190734864,8,0.340978
150,5,0.9800000190734864,8,0.353022
150,6,0.9800000190734864,8,0.335378
150,4,0.9800000190734864,8,0.365511
150,5,0.9800000190734864,8,0.352356
150,2,0.9800000190734864,8,0.340978
150,6,0.9800000190734864,8,0.334667
150,4,0.9800000190734864,8,0.357733
150,6,0.9800000190734864,8,0.340622
150,4,0.9800000190734864,8,0.355911
150,5,0.9800000190734864,8,0.3516
150,5,0.9800000190734864,8,0.342978
150,4,0.9800000190734864,8,0.362489
150,2,0.9800000190734864,8,0.344756
150,4,0.9800000190734864,8,0.360578
150,4,0.9800000190734864,8,0.355422
150,5,0.9800000190734864,8,0.356267
150,3,0.9800000190734864,8,0.362933
150,4,0.9800000190734864,8,0.354444
150,2,0.9800000190734864,8,0.346667
150,6,0.9800000190734864,8,0.345556
150,4,0.9800000190734864,8,0.353156
150,3,0.9800000190734864,8,0.364756
150,4,0.9800000190734864,8,0.349556
150,4,0.9800000190734864,8,0.355822
150,5,0.9800000190734864,8,0.352
150,4,0.9800000190734864,8,0.355733
150,3,0.9800000190734864,8,0.362667
150,5,0.9800000190734864,8,0.346533
150,6,0.9800000190734864,8,0.338533
150,6,0.9800000190734864,8,0.346444
150,4,0.9800000190734864,8,0.363067
150,3,0.9800000190734864,8,0.353689
150,2,0.9800000190734864,8,0.358356
150,2,0.9800000190734864,8,0.349867
150,2,0.9800000190734864,8,0.342711
150,5,0.9800000190734864,8,0.350311
150,4,0.9800000190734864,8,0.357644
150,5,0.9800000190734864,8,0.346044
150,4,0.9800000190734864,8,0.3548
150,3,0.9800000190734864,8,0.362933
150,3,0.9800000190734864,8,0.366
150,4,0.9800000190734864,8,0.354133
150,4,0.9800000190734864,8,0.356044
150,6,0.9800000190734864,8,0.343644
150,3,0.9800000190734864,8,0.362533
150,4,0.9800000190734864,8,0.359111
150,3,0.9800000190734864,8,0.360889
150,5,0.9800000190734864,8,0.35
150,4,0.9800000190734864,8,0.358711
150,4,0.9800000190734864,8,0.3556
150,3,0.9800000190734864,8,0.357733
150,2,0.9800000190734864,8,0.347689
150,3,0.9800000190734864,8,0.356356
150,5,0.9800000190734864,8,0.354089
150,4,0.9800000190734864,8,0.352978
150,2,0.9800000190734864,8,0.3588
150,2,0.9800000190734864,8,0.344889
150,3,0.9800000190734864,8,0.360444
150,5,0.9800000190734864,8,0.341289
150,5,0.9800000190734864,8,0.349733
150,6,0.9800000190734864,8,0.338889
150,3,0.9800000190734864,8,0.371111
150,6,0.9800000190734864,8,0.345067
150,6,0.9800000190734864,8,0.343956
150,6,0.9800000190734864,8,0.336533
150,2,0.9800000190734864,8,0.351067
150,3,0.9800000190734864,8,0.363467
150,5,0.9800000190734864,8,0.345467
150,4,0.9800000190734864,8,0.360311
150,3,0.9800000190734864,8,0.366
150,4,0.9800000190734864,8,0.359511
150,4,0.9800000190734864,8,0.3596
150,4,0.9800000190734864,8,0.353867
150,4,0.9800000190734864,8,0.3568
150,5,0.9800000190734864,8,0.355111
150,5,0.9800000190734864,8,0.358844
150,5,0.9800000190734864,8,0.342889
150,4,0.9800000190734864,8,0.364489
150,2,0.9800000190734864,8,0.352622
150,2,0.9800000190734864,8,0.356044
150,6,0.9800000190734864,8,0.343422
150,6,0.9800000190734864,8,0.344222
150,2,0.9800000190734864,8,0.348844
150,5,0.9800000190734864,8,0.349644
150,4,0.9800000190734864,8,0.360044
150,4,0.9800000190734864,8,0.353911
150,5,0.9800000190734864,8,0.350311
150,3,0.9800000190734864,8,0.356222
150,5,0.9800000190734864,8,0.348978
150,4,0.9800000190734864,8,0.358889
150,6,0.9800000190734864,8,0.338622
150,3,0.9800000190734864,8,0.370267
150,2,0.9800000190734864,8,0.343022
150,2,0.9800000190734864,8,0.341156
150,4,0.9800000190734864,8,0.362933
150,4,0.9800000190734864,8,0.359067
150,3,0.9800000190734864,8,0.353644
150,6,0.9800000190734864,8,0.342711
150,5,0.9800000190734864,8,0.351422
150,6,0.9800000190734864,8,0.336133
150,2,0.9800000190734864,8,0.345911
150,6,0.9800000190734864,8,0.345689
150,5,0.9800000190734864,8,0.348756
150,6,0.9800000190734864,8,0.336133
150,6,0.9800000190734864,8,0.340444
150,3,0.9800000190734864,8,0.3632
150,3,0.9800000190734864,8,0.355911
150,5,0.9800000190734864,8,0.3508
150,3,0.9800000190734864,8,0.357378
150,3,0.9800000190734864,8,0.3596
150,3,0.9800000190734864,8,0.360178
150,6,0.9800000190734864,8,0.337333
150,6,0.9800000190734864,8,0.3424
150,4,0.9800000190734864,8,0.359511
150,2,0.9800000190734864,8,0.340133
150,6,0.9800000190734864,8,0.339156
150,2,0.9800000190734864,8,0.337556
150,6,0.9800000190734864,8,0.342489
150,4,0.9800000190734864,8,0.351956
150,3,0.9800000190734864,8,0.3696
150,6,0.9800000190734864,8,0.334978
150,2,0.9800000190734864,8,0.354889
150,6,0.9800000190734864,8,0.336889
150,2,0.9800000190734864,8,0.339156
150,3,0.9800000190734864,8,0.3636
150,4,0.9800000190734864,8,0.354978
150,5,0.9800000190734864,8,0.345867
150,5,0.9800000190734864,8,0.356133
150,5,0.9800000190734864,8,0.3496
150,2,0.9800000190734864,8,0.341244
150,5,0.9800000190734864,8,0.347556
150,3,0.9800000190734864,8,0.359244
150,5,0.9800000190734864,8,0.346489
150,2,0.9800000190734864,8,0.357556
150,3,0.9800000190734864,8,0.363911
150,5,0.9800000190734864,8,0.358667
150,5,0.9800000190734864,8,0.3488
150,4,0.9800000190734864,8,0.3616
150,2,0.9800000190734864,8,0.352311
150,5,0.9800000190734864,8,0.350667
150,4,0.9800000190734864,8,0.356756
150,5,0.9800000190734864,8,0.349378
150,6,0.9800000190734864,8,0.338622
150,2,0.9800000190734864,8,0.351867
150,2,0.9800000190734864,8,0.344578
150,3,0.9800000190734864,8,0.354089
150,4,0.9800000190734864,8,0.358222
150,6,0.9800000190734864,8,0.335733
150,4,0.9800000190734864,8,0.371333
150,6,0.9800000190734864,8,0.3432
150,2,0.9800000190734864,8,0.350667
150,4,0.9800000190734864,8,0.360622
150,2,0.9800000190734864,8,0.345644
150,2,0.9800000190734864,8,0.362044
150,5,0.9800000190734864,8,0.343511
150,3,0.9800000190734864,8,0.366178
150,6,0.9800000190734864,8,0.337822
150,2,0.9800000190734864,8,0.346222
150,6,0.9800000190734864,8,0.3464
150,5,0.9800000190734864,8,0.347333
150,3,0.9800000190734864,8,0.361778
150,4,0.9800000190734864,8,0.360978
150,5,0.9800000190734864,8,0.354222
150,5,0.9800000190734864,8,0.349289
150,5,0.9800000190734864,8,0.352533
150,2,0.9800000190734864,8,0.349422
150,3,0.9800000190734864,8,0.367422
150,3,0.9800000190734864,8,0.365289
150,6,0.9800000190734864,8,0.339422
150,3,0.9800000190734864,8,0.364533
150,6,0.9800000190734864,8,0.338711
150,4,0.9800000190734864,8,0.356889
150,6,0.9800000190734864,8,0.337644
150,2,0.9800000190734864,8,0.340489
150,3,0.9800000190734864,8,0.357378
150,5,0.9800000190734864,8,0.347067
150,5,0.9800000190734864,8,0.350844
150,4,0.9800000190734864,8,0.3568
150,6,0.9800000190734864,8,0.338044
150,4,0.9800000190734864,8,0.355378
150,2,0.9800000190734864,8,0.358133
150,4,0.9800000190734864,8,0.356044
150,5,0.9800000190734864,8,0.351644
150,3,0.9800000190734864,8,0.367022
150,6,0.9800000190734864,8,0.337156
150,2,0.9800000190734864,8,0.3448
150,6,0.9800000190734864,8,0.340267
150,2,0.9800000190734864,8,0.346489
150,2,0.9800000190734864,8,0.351644
150,4,0.9800000190734864,8,0.362489
150,4,0.9800000190734864,8,0.357689
150,4,0.9800000190734864,8,0.350844
150,3,0.9800000190734864,8,0.361644
150,2,0.9800000190734864,8,0.346311
150,3,0.9800000190734864,8,0.370356
150,6,0.9800000190734864,8,0.337911
150,3,0.9800000190734864,8,0.366311
150,4,0.9800000190734864,8,0.3472
150,3,0.9800000190734864,8,0.360444
150,4,0.9800000190734864,8,0.352356
150,3,0.9800000190734864,8,0.371556
150,2,0.9800000190734864,8,0.351644
150,6,0.9800000190734864,8,0.339689
150,2,0.9800000190734864,8,0.357867
150,5,0.9800000190734864,8,0.350267
150,4,0.9800000190734864,8,0.357111
150,5,0.9800000190734864,8,0.347156
150,4,0.9800000190734864,8,0.3568
150,3,0.9800000190734864,8,0.365822
150,4,0.9800000190734864,8,0.360667
150,3,0.9800000190734864,8,0.3632
150,2,0.9800000190734864,8,0.349378
150,3,0.9800000190734864,8,0.365911
150,6,0.9800000190734864,8,0.339911
150,2,0.9800000190734864,8,0.340222
150,6,0.9800000190734864,8,0.338444
150,5,0.9800000190734864,8,0.355378
150,3,0.9800000190734864,8,0.368267
150,5,0.9800000190734864,8,0.352356
150,4,0.9800000190734864,8,0.353689
150,2,0.9800000190734864,8,0.349156
150,4,0.9800000190734864,8,0.364089
150,2,0.9800000190734864,8,0.348667
150,3,0.9800000190734864,8,0.3592
150,6,0.9800000190734864,8,0.339111
150,2,0.9800000190734864,8,0.355378
150,3,0.9800000190734864,8,0.360933
150,3,0.9800000190734864,8,0.367467
150,3,0.9800000190734864,8,0.359467
150,4,0.9800000190734864,8,0.3564
150,4,0.9800000190734864,8,0.359022
150,2,0.9800000190734864,8,0.357156
150,6,0.9800000190734864,8,0.342222
150,3,0.9800000190734864,8,0.358667
150,6,0.9800000190734864,8,0.3424
150,6,0.9800000190734864,8,0.342978
150,4,0.9800000190734864,8,0.365378
150,2,0.9800000190734864,8,0.343111
150,6,0.9800000190734864,8,0.341822
150,2,0.9800000190734864,8,0.353956
150,6,0.9800000190734864,8,0.342711
150,2,0.9800000190734864,8,0.355644
150,5,0.9800000190734864,8,0.351244
150,2,0.9800000190734864,8,0.342
150,2,0.9800000190734864,8,0.350222
150,4,0.9800000190734864,8,0.358756
150,2,0.9800000190734864,8,0.351911
150,5,0.9800000190734864,8,0.354978
150,2,0.9800000190734864,8,0.364
150,6,0.9800000190734864,8,0.333733
150,2,0.9800000190734864,8,0.341511
150,3,0.9800000190734864,8,0.361022
150,3,0.9800000190734864,8,0.359467
150,4,0.9800000190734864,8,0.3584
150,4,0.9800000190734864,8,0.3624
150,4,0.9800000190734864,8,0.355956
150,3,0.9800000190734864,8,0.3536
150,5,0.9800000190734864,8,0.353689
150,4,0.9800000190734864,8,0.364222
150,2,0.9800000190734864,8,0.352756
150,3,0.9800000190734864,8,0.363689
150,6,0.9800000190734864,8,0.341378
150,6,0.9800000190734864,8,0.340978
150,3,0.9800000190734864,8,0.353822
150,3,0.9800000190734864,8,0.358844
150,6,0.9800000190734864,8,0.340667
150,2,0.9800000190734864,8,0.3552
150,4,0.9800000190734864,8,0.359378
150,4,0.9800000190734864,8,0.359067
150,3,0.9800000190734864,8,0.368756
150,4,0.9800000190734864,8,0.361156
150,3,0.9800000190734864,8,0.364267
150,4,0.9800000190734864,8,0.357022
150,4,0.9800000190734864,8,0.360311
150,5,0.9800000190734864,8,0.351111
150,5,0.9800000190734864,8,0.347111
150,2,0.9800000190734864,8,0.347733
150,5,0.9800000190734864,8,0.353956
150,3,0.9800000190734864,8,0.3624
150,5,0.9800000190734864,8,0.352933
150,3,0.9800000190734864,8,0.354578
150,2,0.9800000190734864,8,0.343733
150,3,0.9800000190734864,8,0.360756
150,6,0.9800000190734864,8,0.349644
150,3,0.9800000190734864,8,0.362978
150,4,0.9800000190734864,8,0.352711
150,2,0.9800000190734864,8,0.353111
150,5,0.9800000190734864,8,0.352711
150,5,0.9800000190734864,8,0.350622
150,6,0.9800000190734864,8,0.336978
150,6,0.9800000190734864,8,0.352756
150,3,0.9800000190734864,8,0.365867
150,5,0.9800000190734864,8,0.357244
150,6,0.9800000190734864,8,0.345689
150,2,0.9800000190734864,8,0.348978
150,5,0.9800000190734864,8,0.356844
150,5,0.9800000190734864,8,0.350978
150,6,0.9800000190734864,8,0.338933
150,6,0.9800000190734864,8,0.336889
150,6,0.9800000190734864,8,0.342178
150,3,0.9800000190734864,8,0.365111
150,5,0.9800000190734864,8,0.344933
150,5,0.9800000190734864,8,0.3528
150,5,0.9800000190734864,8,0.348978
150,3,0.9800000190734864,8,0.357333
150,5,0.9800000190734864,8,0.350756
150,6,0.9800000190734864,8,0.344622
150,3,0.9800000190734864,8,0.366711
150,6,0.9800000190734864,8,0.343511
150,2,0.9800000190734864,8,0.356578
150,3,0.9800000190734864,8,0.364222
150,5,0.9800000190734864,8,0.357911
150,6,0.9800000190734864,8,0.341289
150,2,0.9800000190734864,8,0.355022
150,2,0.9800000190734864,8,0.357422
150,3,0.9800000190734864,8,0.358178
150,4,0.9800000190734864,8,0.357556
150,4,0.9800000190734864,8,0.359556
150,2,0.9800000190734864,8,0.351244
150,3,0.9800000190734864,8,0.360311
150,3,0.9800000190734864,8,0.369378
150,6,0.9800000190734864,8,0.333644
150,5,0.9800000190734864,8,0.343511
150,4,0.9800000190734864,8,0.360978
150,3,0.9800000190734864,8,0.361111
150,5,0.9800000190734864,8,0.348
150,4,0.9800000190734864,8,0.357689
150,2,0.9800000190734864,8,0.341467
150,2,0.9800000190734864,8,0.348133
150,5,0.9800000190734864,8,0.352222
150,4,0.9800000190734864,8,0.3564
150,2,0.9800000190734864,8,0.346222
150,5,0.9800000190734864,8,0.352533
150,6,0.9800000190734864,8,0.340756
150,4,0.9800000190734864,8,0.362311
150,2,0.9800000190734864,8,0.346844
150,4,0.9800000190734864,8,0.351156
150,4,0.9800000190734864,8,0.362756
150,2,0.9800000190734864,8,0.353822
150,4,0.9800000190734864,8,0.3568
150,5,0.9800000190734864,8,0.349067
150,2,0.9800000190734864,8,0.351422
150,3,0.9800000190734864,8,0.369911
150,6,0.9800000190734864,8,0.342133
150,2,0.9800000190734864,8,0.338711
150,6,0.9800000190734864,8,0.344889
150,2,0.9800000190734864,8,0.353778
150,2,0.9800000190734864,8,0.349822
150,4,0.9800000190734864,8,0.361911
150,3,0.9800000190734864,8,0.360933
150,6,0.9800000190734864,8,0.332311
150,6,0.9800000190734864,8,0.342444
150,5,0.9800000190734864,8,0.357111
150,3,0.9800000190734864,8,0.358356
150,2,0.9800000190734864,8,0.346933
150,3,0.9800000190734864,8,0.366
150,2,0.9800000190734864,8,0.354
150,5,0.9800000190734864,8,0.353422
150,6,0.9800000190734864,8,0.342933
150,2,0.9800000190734864,8,0.348756
150,3,0.9800000190734864,8,0.361867
150,4,0.9800000190734864,8,0.356267
150,3,0.9800000190734864,8,0.361511
150,2,0.9800000190734864,8,0.348267
150,5,0.9800000190734864,8,0.356356
150,4,0.9800000190734864,8,0.356844
150,3,0.9800000190734864,8,0.360133
150,4,0.9800000190734864,8,0.360711
150,2,0.9800000190734864,8,0.346622
150,6,0.9800000190734864,8,0.335867
150,4,0.9800000190734864,8,0.3584
150,6,0.9800000190734864,8,0.344578
150,4,0.9800000190734864,8,0.360489
150,5,0.9800000190734864,8,0.355556
150,6,0.9800000190734864,8,0.343689
150,5,0.9800000190734864,8,0.351689
150,2,0.9800000190734864,8,0.344889
150,2,0.9800000190734864,8,0.338044
150,6,0.9800000190734864,8,0.341956
150,5,0.9800000190734864,8,0.350222
150,5,0.9800000190734864,8,0.359022
150,6,0.9800000190734864,8,0.340356
150,5,0.9800000190734864,8,0.353689
150,6,0.9800000190734864,8,0.344711
150,5,0.9800000190734864,8,0.354444
150,4,0.9800000190734864,8,0.359644
150,3,0.9800000190734864,8,0.363956
150,5,0.9800000190734864,8,0.348711
150,4,0.9800000190734864,8,0.354089
150,6,0.9800000190734864,8,0.340622
150,3,0.9800000190734864,8,0.359156
150,3,0.9800000190734864,8,0.352889
150,4,0.9800000190734864,8,0.369733
150,2,0.9800000190734864,8,0.352578
150,6,0.9800000190734864,8,0.3396
150,4,0.9800000190734864,8,0.362978
150,2,0.9800000190734864,8,0.350844
150,6,0.9800000190734864,8,0.331067
150,3,0.9800000190734864,8,0.356667
150,4,0.9800000190734864,8,0.366089
150,4,0.9800000190734864,8,0.358178
150,3,0.9800000190734864,8,0.368222
150,4,0.9800000190734864,8,0.349644
150,4,0.9800000190734864,8,0.358
150,2,0.9800000190734864,8,0.347111
150,3,0.9800000190734864,8,0.366044
150,4,0.9800000190734864,8,0.351867
150,5,0.9800000190734864,8,0.355956
150,5,0.9800000190734864,8,0.350267
150,3,0.9800000190734864,8,0.362
150,4,0.9800000190734864,8,0.355644
150,5,0.9800000190734864,8,0.353644
150,5,0.9800000190734864,8,0.352089
150,3,0.9800000190734864,8,0.367333
150,4,0.9800000190734864,8,0.3532
150,5,0.9800000190734864,8,0.354578
150,5,0.9800000190734864,8,0.353378
150,2,0.9800000190734864,8,0.348667
150,4,0.9800000190734864,8,0.356356
150,4,0.9800000190734864,8,0.361467
150,2,0.9800000190734864,8,0.346267
150,6,0.9800000190734864,8,0.343911
150,3,0.9800000190734864,8,0.364356
150,5,0.9800000190734864,8,0.360356
150,3,0.9800000190734864,8,0.361156
150,5,0.9800000190734864,8,0.344889
150,5,0.9800000190734864,8,0.347556
150,5,0.9800000190734864,8,0.348089
150,2,0.9800000190734864,8,0.352578
150,5,0.9800000190734864,8,0.3564
150,6,0.9800000190734864,8,0.344311
150,4,0.9800000190734864,8,0.363778
150,5,0.9800000190734864,8,0.351911
150,2,0.9800000190734864,8,0.350622
150,6,0.9800000190734864,8,0.347022
150,4,0.9800000190734864,8,0.366578
150,5,0.9800000190734864,8,0.351511
150,6,0.9800000190734864,8,0.336267
150,5,0.9800000190734864,8,0.349556
150,4,0.9800000190734864,8,0.363511
150,6,0.9800000190734864,8,0.343511
150,3,0.9800000190734864,8,0.366711
150,2,0.9800000190734864,8,0.335689
150,4,0.9800000190734864,8,0.355422
150,6,0.9800000190734864,8,0.342533
150,2,0.9800000190734864,8,0.360622
150,3,0.9800000190734864,8,0.361511
150,5,0.9800000190734864,8,0.355956
150,4,0.9800000190734864,8,0.3548
150,6,0.9800000190734864,8,0.340711
150,5,0.9800000190734864,8,0.351067
150,5,0.9800000190734864,8,0.356356
150,5,0.9800000190734864,8,0.352133
150,4,0.9800000190734864,8,0.358044
150,6,0.9800000190734864,8,0.3432
150,2,0.9800000190734864,8,0.345022
150,3,0.9800000190734864,8,0.363911
150,4,0.9800000190734864,8,0.353111
150,6,0.9800000190734864,8,0.334178
150,5,0.9800000190734864,8,0.344578
150,5,0.9800000190734864,8,0.346933
150,5,0.9800000190734864,8,0.349733
150,4,0.9800000190734864,8,0.354089
150,6,0.9800000190734864,8,0.340756
150,3,0.9800000190734864,8,0.363289
150,3,0.9800000190734864,8,0.363333
150,4,0.9800000190734864,8,0.351378
150,5,0.9800000190734864,8,0.356222
150,6,0.9800000190734864,8,0.339156
150,4,0.9800000190734864,8,0.3552
150,6,0.9800000190734864,8,0.332711
150,3,0.9800000190734864,8,0.3636
150,2,0.9800000190734864,8,0.346356
150,2,0.9800000190734864,8,0.347689
150,5,0.9800000190734864,8,0.353644
150,6,0.9800000190734864,8,0.339244
150,4,0.9800000190734864,8,0.360311
150,5,0.9800000190734864,8,0.348978
150,5,0.9800000190734864,8,0.351778
150,6,0.9800000190734864,8,0.343644
150,2,0.9800000190734864,8,0.351467
150,4,0.9800000190734864,8,0.3572
150,2,0.9800000190734864,8,0.345911
150,4,0.9800000190734864,8,0.3636
150,2,0.9800000190734864,8,0.3572
150,4,0.9800000190734864,8,0.353289
150,4,0.9800000190734864,8,0.356933
150,3,0.9800000190734864,8,0.3672
150,6,0.9800000190734864,8,0.337822
150,4,0.9800000190734864,8,0.356756
150,6,0.9800000190734864,8,0.338933
150,6,0.9800000190734864,8,0.345156
150,2,0.9800000190734864,8,0.353556
150,5,0.9800000190734864,8,0.350844
150,4,0.9800000190734864,8,0.361244
150,2,0.9800000190734864,8,0.355111
150,4,0.9800000190734864,8,0.360578
150,2,0.9800000190734864,8,0.358578
150,2,0.9800000190734864,8,0.350489
150,6,0.9800000190734864,8,0.343911
150,6,0.9800000190734864,8,0.341867
150,5,0.9800000190734864,8,0.3452
150,6,0.9800000190734864,8,0.341378
150,4,0.9800000190734864,8,0.355822
150,2,0.9800000190734864,8,0.355378
150,3,0.9800000190734864,8,0.372356
150,3,0.9800000190734864,8,0.354667
150,5,0.9800000190734864,8,0.3508
150,4,0.9800000190734864,8,0.3548
150,3,0.9800000190734864,8,0.357822
150,4,0.9800000190734864,8,0.359733
150,4,0.9800000190734864,8,0.358489
150,6,0.9800000190734864,8,0.3448
150,4,0.9800000190734864,8,0.351156
150,3,0.9800000190734864,8,0.360133
150,3,0.9800000190734864,8,0.354311
150,5,0.9800000190734864,8,0.346711
150,4,0.9800000190734864,8,0.360089
150,5,0.9800000190734864,8,0.351333
150,5,0.9800000190734864,8,0.349644
150,5,0.9800000190734864,8,0.349689
150,6,0.9800000190734864,8,0.340667
150,6,0.9800000190734864,8,0.339333
150,6,0.9800000190734864,8,0.340533
150,3,0.9800000190734864,8,0.361956
150,5,0.9800000190734864,8,0.349067
150,4,0.9800000190734864,8,0.363244
150,5,0.9800000190734864,8,0.350489
150,4,0.9800000190734864,8,0.365378
150,5,0.9800000190734864,8,0.348
150,4,0.9800000190734864,8,0.359822
150,6,0.9800000190734864,8,0.342622
150,5,0.9800000190734864,8,0.3468
150,2,0.9800000190734864,8,0.351289
150,6,0.9800000190734864,8,0.339467
150,4,0.9800000190734864,8,0.344978
150,2,0.9800000190734864,8,0.351244
150,6,0.9800000190734864,8,0.340089
150,6,0.9800000190734864,8,0.339156
150,6,0.9800000190734864,8,0.345511
150,3,0.9800000190734864,8,0.360222
150,2,0.9800000190734864,8,0.351022
150,3,0.9800000190734864,8,0.359778
150,4,0.9800000190734864,8,0.360444
150,4,0.9800000190734864,8,0.358044
150,5,0.9800000190734864,8,0.348356
150,3,0.9800000190734864,8,0.366622
150,5,0.9800000190734864,8,0.355156
150,4,0.9800000190734864,8,0.359467
150,5,0.9800000190734864,8,0.354711
150,6,0.9800000190734864,8,0.334133
150,3,0.9800000190734864,8,0.363644
150,4,0.9800000190734864,8,0.360622
150,4,0.9800000190734864,8,0.352756
150,2,0.9800000190734864,8,0.350356
150,4,0.9800000190734864,8,0.360489
150,3,0.9800000190734864,8,0.3616
150,5,0.9800000190734864,8,0.351467
150,4,0.9800000190734864,8,0.363422
150,5,0.9800000190734864,8,0.3564
150,5,0.9800000190734864,8,0.355022
150,6,0.9800000190734864,8,0.3432
150,6,0.9800000190734864,8,0.346311
150,4,0.9800000190734864,8,0.363022
150,6,0.9800000190734864,8,0.3396
150,2,0.9800000190734864,8,0.348756
150,6,0.9800000190734864,8,0.344622
150,5,0.9800000190734864,8,0.350622
150,6,0.9800000190734864,8,0.341378
150,4,0.9800000190734864,8,0.361644
150,6,0.9800000190734864,8,0.339511
150,5,0.9800000190734864,8,0.351022
150,5,0.9800000190734864,8,0.354089
150,2,0.9800000190734864,8,0.347467
150,3,0.9800000190734864,8,0.366933
150,5,0.9800000190734864,8,0.350489
150,6,0.9800000190734864,8,0.340222
150,5,0.9800000190734864,8,0.347244
150,3,0.9800000190734864,8,0.365422
150,5,0.9800000190734864,8,0.345822
150,5,0.9800000190734864,8,0.3528
150,4,0.9800000190734864,8,0.354089
150,3,0.9800000190734864,8,0.362444
150,6,0.9800000190734864,8,0.3416
150,6,0.9800000190734864,8,0.343689
150,4,0.9800000190734864,8,0.361778
150,6,0.9800000190734864,8,0.344889
150,5,0.9800000190734864,8,0.359244
150,5,0.9800000190734864,8,0.353156
150,5,0.9800000190734864,8,0.349511
150,3,0.9800000190734864,8,0.364578
150,4,0.9800000190734864,8,0.3552
150,3,0.9800000190734864,8,0.3628
150,2,0.9800000190734864,8,0.342089
150,4,0.9800000190734864,8,0.3568
150,5,0.9800000190734864,8,0.351867
150,5,0.9800000190734864,8,0.351111
150,2,0.9800000190734864,8,0.352578
150,6,0.9800000190734864,8,0.343067
150,4,0.9800000190734864,8,0.363778
150,2,0.9800000190734864,8,0.346178
150,3,0.9800000190734864,8,0.365644
150,3,0.9800000190734864,8,0.370267
150,3,0.9800000190734864,8,0.365956
150,3,0.9800000190734864,8,0.360178
150,6,0.9800000190734864,8,0.341333
150,2,0.9800000190734864,8,0.351644
150,5,0.9800000190734864,8,0.352178
150,6,0.9800000190734864,8,0.338933
150,6,0.9800000190734864,8,0.342889
150,6,0.9800000190734864,8,0.342356
150,2,0.9800000190734864,8,0.359022
150,3,0.9800000190734864,8,0.363422
150,2,0.9800000190734864,8,0.349956
150,4,0.9800000190734864,8,0.357644
150,4,0.9800000190734864,8,0.357644
150,6,0.9800000190734864,8,0.340489
150,6,0.9800000190734864,8,0.344978
150,6,0.9800000190734864,8,0.333467
150,5,0.9800000190734864,8,0.352622
150,2,0.9800000190734864,8,0.349911
150,3,0.9800000190734864,8,0.372667
150,6,0.9800000190734864,8,0.344622
150,3,0.9800000190734864,8,0.357289
150,3,0.9800000190734864,8,0.364267
150,2,0.9800000190734864,8,0.343511
150,5,0.9800000190734864,8,0.347156
150,3,0.9800000190734864,8,0.361822
150,2,0.9800000190734864,8,0.361422
150,3,0.9800000190734864,8,0.361156
150,2,0.9800000190734864,8,0.356356
150,2,0.9800000190734864,8,0.350178
150,3,0.9800000190734864,8,0.363511
150,3,0.9800000190734864,8,0.358089
150,6,0.9800000190734864,8,0.345822
150,4,0.9800000190734864,8,0.353378
150,5,0.9800000190734864,8,0.348578
150,2,0.9800000190734864,8,0.342133
150,6,0.9800000190734864,8,0.3432
150,6,0.9800000190734864,8,0.337867
150,2,0.9800000190734864,8,0.346667
150,6,0.9800000190734864,8,0.342089
150,4,0.9800000190734864,8,0.357333
150,6,0.9800000190734864,8,0.337556
150,5,0.9800000190734864,8,0.348222
150,5,0.9800000190734864,8,0.352356
150,3,0.9800000190734864,8,0.361911
150,3,0.9800000190734864,8,0.358178
150,3,0.9800000190734864,8,0.370267
150,4,0.9800000190734864,8,0.357111
150,2,0.9800000190734864,8,0.354
150,3,0.9800000190734864,8,0.3612
150,2,0.9800000190734864,8,0.357911
150,2,0.9800000190734864,8,0.351333
150,4,0.9800000190734864,8,0.357422
150,2,0.9800000190734864,8,0.348267
150,6,0.9800000190734864,8,0.339378
150,2,0.9800000190734864,8,0.3516
150,5,0.9800000190734864,8,0.351911
150,2,0.9800000190734864,8,0.342178
150,2,0.9800000190734864,8,0.354178
150,4,0.9800000190734864,8,0.354622
150,4,0.9800000190734864,8,0.354889
150,4,0.9800000190734864,8,0.362622
150,2,0.9800000190734864,8,0.348667
150,3,0.9800000190734864,8,0.360489
150,6,0.9800000190734864,8,0.337111
150,5,0.9800000190734864,8,0.351244
150,3,0.9800000190734864,8,0.362133
150,2,0.9800000190734864,8,0.352178
150,2,0.9800000190734864,8,0.348222
150,2,0.9800000190734864,8,0.354356
150,4,0.9800000190734864,8,0.368756
150,6,0.9800000190734864,8,0.338711
150,6,0.9800000190734864,8,0.347822
150,2,0.9800000190734864,8,0.349867
150,6,0.9800000190734864,8,0.336
150,2,0.9800000190734864,8,0.354089
150,4,0.9800000190734864,8,0.355956
150,4,0.9800000190734864,8,0.3548
150,2,0.9800000190734864,8,0.357556
150,4,0.9800000190734864,8,0.363244
150,3,0.9800000190734864,8,0.362222
150,5,0.9800000190734864,8,0.350356
150,4,0.9800000190734864,8,0.3564
150,4,0.9800000190734864,8,0.355822
150,5,0.9800000190734864,8,0.351467
150,2,0.9800000190734864,8,0.3448
150,4,0.9800000190734864,8,0.357867
150,3,0.9800000190734864,8,0.350889
150,6,0.9800000190734864,8,0.337867
150,2,0.9800000190734864,8,0.356222
150,6,0.9800000190734864,8,0.344133
150,2,0.9800000190734864,8,0.364978
150,2,0.9800000190734864,8,0.3528
150,2,0.9800000190734864,8,0.345422
150,2,0.9800000190734864,8,0.351911
150,3,0.9800000190734864,8,0.370222
150,2,0.9800000190734864,8,0.352533
150,4,0.9800000190734864,8,0.361733
150,3,0.9800000190734864,8,0.355911
150,3,0.9800000190734864,8,0.358978
150,3,0.9800000190734864,8,0.356533
150,3,0.9800000190734864,8,0.352311
150,2,0.9800000190734864,8,0.342311
150,5,0.9800000190734864,8,0.347778
150,4,0.9800000190734864,8,0.358933
150,6,0.9800000190734864,8,0.334044
150,5,0.9800000190734864,8,0.354044
150,5,0.9800000190734864,8,0.351733
150,3,0.9800000190734864,8,0.359644
150,2,0.9800000190734864,8,0.346133
150,2,0.9800000190734864,8,0.347111
150,6,0.9800000190734864,8,0.344133
150,4,0.9800000190734864,8,0.362844
150,2,0.9800000190734864,8,0.3556
150,2,0.9800000190734864,8,0.355822
150,4,0.9800000190734864,8,0.361289
150,4,0.9800000190734864,8,0.36
150,3,0.9800000190734864,8,0.362711
150,5,0.9800000190734864,8,0.352044
150,3,0.9800000190734864,8,0.354667
150,3,0.9800000190734864,8,0.360578
150,5,0.9800000190734864,8,0.356533
150,2,0.9800000190734864,8,0.347556
150,4,0.9800000190734864,8,0.365689
150,2,0.9800000190734864,8,0.347244
150,5,0.9800000190734864,8,0.354
150,2,0.9800000190734864,8,0.340133
150,5,0.9800000190734864,8,0.354489
150,5,0.9800000190734864,8,0.3548
150,2,0.9800000190734864,8,0.348667
150,5,0.9800000190734864,8,0.354311
150,4,0.9800000190734864,8,0.357156
150,2,0.9800000190734864,8,0.349333
150,3,0.9800000190734864,8,0.365911
150,5,0.9800000190734864,8,0.353644
150,5,0.9800000190734864,8,0.348178
150,6,0.9800000190734864,8,0.342044
150,2,0.9800000190734864,8,0.3536
150,3,0.9800000190734864,8,0.367111
150,6,0.9800000190734864,8,0.3396
150,4,0.9800000190734864,8,0.353556
150,2,0.9800000190734864,8,0.356978
150,5,0.9800000190734864,8,0.351644
150,3,0.9800000190734864,8,0.362533
150,4,0.9800000190734864,8,0.359022
150,2,0.9800000190734864,8,0.344311
150,6,0.9800000190734864,8,0.341022
150,3,0.9800000190734864,8,0.367644
150,2,0.9800000190734864,8,0.34
150,2,0.9800000190734864,8,0.354089
150,5,0.9800000190734864,8,0.351156
150,6,0.9800000190734864,8,0.334044
150,2,0.9800000190734864,8,0.347911
150,4,0.9800000190734864,8,0.3532
150,3,0.9800000190734864,8,0.354267
150,5,0.9800000190734864,8,0.3488
150,3,0.9800000190734864,8,0.361644
150,5,0.9800000190734864,8,0.3492
150,5,0.9800000190734864,8,0.354089
150,3,0.9800000190734864,8,0.352711
150,5,0.9800000190734864,8,0.357867
150,5,0.9800000190734864,8,0.353289
150,6,0.9800000190734864,8,0.344533
150,4,0.9800000190734864,8,0.3604
150,5,0.9800000190734864,8,0.353867
150,6,0.9800000190734864,8,0.332356
150,4,0.9800000190734864,8,0.365822
150,4,0.9800000190734864,8,0.362889
150,5,0.9800000190734864,8,0.3624
150,3,0.9800000190734864,8,0.361822
150,2,0.9800000190734864,8,0.347022
150,4,0.9800000190734864,8,0.3648
150,2,0.9800000190734864,8,0.3476
150,6,0.9800000190734864,8,0.336489
150,6,0.9800000190734864,8,0.344089
150,5,0.9800000190734864,8,0.353956
150,5,0.9800000190734864,8,0.348578
150,2,0.9800000190734864,8,0.346311
150,4,0.9800000190734864,8,0.353822
150,2,0.9800000190734864,8,0.354622
150,4,0.9800000190734864,8,0.355378
150,5,0.9800000190734864,8,0.346356
150,4,0.9800000190734864,8,0.357867
150,4,0.9800000190734864,8,0.358489
150,2,0.9800000190734864,8,0.3416
150,2,0.9800000190734864,8,0.356889
150,2,0.9800000190734864,8,0.347956
150,3,0.9800000190734864,8,0.362889
150,6,0.9800000190734864,8,0.341689
150,5,0.9800000190734864,8,0.346711
150,4,0.9800000190734864,8,0.361067
150,3,0.9800000190734864,8,0.3672
150,2,0.9800000190734864,8,0.340978
150,4,0.9800000190734864,8,0.360578
150,6,0.9800000190734864,8,0.344622
150,5,0.9800000190734864,8,0.3464
150,4,0.9800000190734864,8,0.361244
150,4,0.9800000190734864,8,0.353911
150,2,0.9800000190734864,8,0.364089
150,6,0.9800000190734864,8,0.344711
150,5,0.9800000190734864,8,0.352133
150,4,0.9800000190734864,8,0.355911
150,3,0.9800000190734864,8,0.361867
150,3,0.9800000190734864,8,0.365289
150,3,0.9800000190734864,8,0.352222
150,4,0.9800000190734864,8,0.357333
150,4,0.9800000190734864,8,0.367289
150,3,0.9800000190734864,8,0.364578
150,4,0.9800000190734864,8,0.356711
150,2,0.9800000190734864,8,0.345822
150,5,0.9800000190734864,8,0.342
150,5,0.9800000190734864,8,0.348089
150,2,0.9800000190734864,8,0.338133
150,2,0.9800000190734864,8,0.345733
150,2,0.9800000190734864,8,0.352622
150,6,0.9800000190734864,8,0.342978
150,2,0.9800000190734864,8,0.348889
150,5,0.9800000190734864,8,0.358356
150,6,0.9800000190734864,8,0.342533
150,5,0.9800000190734864,8,0.347778
150,3,0.9800000190734864,8,0.355867
150,6,0.9800000190734864,8,0.338933
150,2,0.9800000190734864,8,0.348222
150,4,0.9800000190734864,8,0.363644
150,4,0.9800000190734864,8,0.362356
150,2,0.9800000190734864,8,0.343733
150,2,0.9800000190734864,8,0.345689
150,4,0.9800000190734864,8,0.3536
150,6,0.9800000190734864,8,0.343733
150,2,0.9800000190734864,8,0.349422
150,2,0.9800000190734864,8,0.348267
150,2,0.9800000190734864,8,0.345556
150,5,0.9800000190734864,8,0.351511
150,6,0.9800000190734864,8,0.335156
150,5,0.9800000190734864,8,0.346711
150,2,0.9800000190734864,8,0.346044
150,4,0.9800000190734864,8,0.357956
150,5,0.9800000190734864,8,0.350222
150,6,0.9800000190734864,8,0.344044
150,3,0.9800000190734864,8,0.361511
150,3,0.9800000190734864,8,0.362044
150,2,0.9800000190734864,8,0.345067
150,5,0.9800000190734864,8,0.351511
150,5,0.9800000190734864,8,0.350844
150,4,0.9800000190734864,8,0.356133
150,3,0.9800000190734864,8,0.365911
150,6,0.9800000190734864,8,0.341733
150,3,0.9800000190734864,8,0.363867
150,6,0.9800000190734864,8,0.335644
150,3,0.9800000190734864,8,0.356756
150,5,0.9800000190734864,8,0.350044
150,3,0.9800000190734864,8,0.359556
150,4,0.9800000190734864,8,0.355867
150,5,0.9800000190734864,8,0.3584
150,5,0.9800000190734864,8,0.350044
150,5,0.9800000190734864,8,0.344533
150,3,0.9800000190734864,8,0.360933
150,4,0.9800000190734864,8,0.355644
150,3,0.9800000190734864,8,0.364978
150,2,0.9800000190734864,8,0.349156
150,2,0.9800000190734864,8,0.344267
150,2,0.9800000190734864,8,0.353556
150,6,0.9800000190734864,8,0.335156
150,6,0.9800000190734864,8,0.346222
150,3,0.9800000190734864,8,0.358711
150,5,0.9800000190734864,8,0.355244
150,2,0.9800000190734864,8,0.351556
150,5,0.9800000190734864,8,0.351867
150,3,0.9800000190734864,8,0.363556
150,4,0.9800000190734864,8,0.3596
150,4,0.9800000190734864,8,0.363467
150,5,0.9800000190734864,8,0.348889
150,4,0.9800000190734864,8,0.360889
150,2,0.9800000190734864,8,0.349911
150,5,0.9800000190734864,8,0.347067
150,5,0.9800000190734864,8,0.349556
150,5,0.9800000190734864,8,0.349689
150,4,0.9800000190734864,8,0.360267
150,4,0.9800000190734864,8,0.3512
150,2,0.9800000190734864,8,0.349022
150,2,0.9800000190734864,8,0.342089
150,3,0.9800000190734864,8,0.363333
150,4,0.9800000190734864,8,0.355733
150,3,0.9800000190734864,8,0.359156
150,4,0.9800000190734864,8,0.354311
150,3,0.9800000190734864,8,0.361822
150,2,0.9800000190734864,8,0.352133
150,6,0.9800000190734864,8,0.342933
150,2,0.9800000190734864,8,0.343422
150,2,0.9800000190734864,8,0.349556
150,6,0.9800000190734864,8,0.338178
150,5,0.9800000190734864,8,0.346178
150,6,0.9800000190734864,8,0.338444
150,6,0.9800000190734864,8,0.343556
150,6,0.9800000190734864,8,0.3372
150,2,0.9800000190734864,8,0.353067
150,4,0.9800000190734864,8,0.358044
150,6,0.9800000190734864,8,0.339733
150,3,0.9800000190734864,8,0.363422
150,5,0.9800000190734864,8,0.355689
150,3,0.9800000190734864,8,0.362444
150,6,0.9800000190734864,8,0.346889
150,4,0.9800000190734864,8,0.365911
150,5,0.9800000190734864,8,0.351511
150,5,0.9800000190734864,8,0.349467
150,5,0.9800000190734864,8,0.351689
150,5,0.9800000190734864,8,0.353956
150,3,0.9800000190734864,8,0.355244
150,2,0.9800000190734864,8,0.351644
150,6,0.9800000190734864,8,0.338889
150,4,0.9800000190734864,8,0.347111
150,2,0.9800000190734864,8,0.349556
150,3,0.9800000190734864,8,0.363289
150,6,0.9800000190734864,8,0.346711
150,4,0.9800000190734864,8,0.357911
150,5,0.9800000190734864,8,0.354533
150,6,0.9800000190734864,8,0.347067
150,4,0.9800000190734864,8,0.355911
150,5,0.9800000190734864,8,0.348889
150,3,0.9800000190734864,8,0.354889
150,5,0.9800000190734864,8,0.350578
150,4,0.9800000190734864,8,0.356
150,3,0.9800000190734864,8,0.362844
150,3,0.9800000190734864,8,0.365733
150,2,0.9800000190734864,8,0.346444
150,5,0.9800000190734864,8,0.344933
150,6,0.9800000190734864,8,0.344
150,4,0.9800000190734864,8,0.360222
150,4,0.9800000190734864,8,0.358178
150,6,0.9800000190734864,8,0.344089
150,3,0.9800000190734864,8,0.368444
150,6,0.9800000190734864,8,0.344978
150,6,0.9800000190734864,8,0.340533
150,6,0.9800000190734864,8,0.345644
150,6,0.9800000190734864,8,0.343956
150,3,0.9800000190734864,8,0.357244
150,3,0.9800000190734864,8,0.360622
150,3,0.9800000190734864,8,0.367333
150,4,0.9800000190734864,8,0.356133
150,4,0.9800000190734864,8,0.357333
150,6,0.9800000190734864,8,0.344356
150,5,0.9800000190734864,8,0.352444
150,4,0.9800000190734864,8,0.354933
150,2,0.9800000190734864,8,0.352044
150,3,0.9800000190734864,8,0.357778
150,2,0.9800000190734864,8,0.349022
150,5,0.9800000190734864,8,0.353289
150,3,0.9800000190734864,8,0.367511
150,6,0.9800000190734864,8,0.341422
150,3,0.9800000190734864,8,0.367822
150,5,0.9800000190734864,8,0.360267
150,6,0.9800000190734864,8,0.342667
150,5,0.9800000190734864,8,0.346978
150,5,0.9800000190734864,8,0.350222
150,5,0.9800000190734864,8,0.361822
150,3,0.9800000190734864,8,0.362089
150,6,0.9800000190734864,8,0.339022
150,3,0.9800000190734864,8,0.349956
150,3,0.9800000190734864,8,0.362222
150,2,0.9800000190734864,8,0.356089
150,6,0.9800000190734864,8,0.338356
150,4,0.9800000190734864,8,0.357378
150,6,0.9800000190734864,8,0.343911
150,3,0.9800000190734864,8,0.365911
150,3,0.9800000190734864,8,0.368889
150,4,0.9800000190734864,8,0.359778
150,4,0.9800000190734864,8,0.357956
150,5,0.9800000190734864,8,0.350933
150,3,0.9800000190734864,8,0.358489
150,2,0.9800000190734864,8,0.346711
150,2,0.9800000190734864,8,0.344444
150,3,0.9800000190734864,8,0.366089
150,6,0.9800000190734864,8,0.342044
150,5,0.9800000190734864,8,0.347156
150,5,0.9800000190734864,8,0.351778
150,3,0.9800000190734864,8,0.357822
150,3,0.9800000190734864,8,0.356578
150,2,0.9800000190734864,8,0.349689
150,3,0.9800000190734864,8,0.362
150,2,0.9800000190734864,8,0.360178
150,5,0.9800000190734864,8,0.351556
150,6,0.9800000190734864,8,0.342089
150,4,0.9800000190734864,8,0.358444
150,3,0.9800000190734864,8,0.367156
150,5,0.9800000190734864,8,0.3528
150,4,0.9800000190734864,8,0.353156
150,2,0.9800000190734864,8,0.352178
150,2,0.9800000190734864,8,0.347778
150,4,0.9800000190734864,8,0.358667
150,2,0.9800000190734864,8,0.347333
150,6,0.9800000190734864,8,0.342622
150,2,0.9800000190734864,8,0.345556
150,4,0.9800000190734864,8,0.3632
150,3,0.9800000190734864,8,0.359111
150,6,0.9800000190734864,8,0.3408
150,2,0.9800000190734864,8,0.335244
150,4,0.9800000190734864,8,0.356089
150,3,0.9800000190734864,8,0.361778
150,3,0.9800000190734864,8,0.368756
150,4,0.9800000190734864,8,0.358533
150,3,0.9800000190734864,8,0.363689
150,4,0.9800000190734864,8,0.362667
150,2,0.9800000190734864,8,0.351289
150,5,0.9800000190734864,8,0.347467
150,6,0.9800000190734864,8,0.341511
150,5,0.9800000190734864,8,0.348711
150,3,0.9800000190734864,8,0.347467
150,5,0.9800000190734864,8,0.347956
150,4,0.9800000190734864,8,0.353422
150,6,0.9800000190734864,8,0.338844
150,4,0.9800000190734864,8,0.356622
150,5,0.9800000190734864,8,0.346311
150,6,0.9800000190734864,8,0.337289
150,5,0.9800000190734864,8,0.360933
150,5,0.9800000190734864,8,0.353911
150,2,0.9800000190734864,8,0.342356
150,2,0.9800000190734864,8,0.354133
150,3,0.9800000190734864,8,0.367689
150,4,0.9800000190734864,8,0.348578
150,5,0.9800000190734864,8,0.347022
150,2,0.9800000190734864,8,0.351689
150,3,0.9800000190734864,8,0.360044
150,4,0.9800000190734864,8,0.360622
150,6,0.9800000190734864,8,0.339156
150,4,0.9800000190734864,8,0.356222
150,6,0.9800000190734864,8,0.337378
150,3,0.9800000190734864,8,0.357556
150,3,0.9800000190734864,8,0.368844
150,5,0.9800000190734864,8,0.355111
150,4,0.9800000190734864,8,0.361067
150,4,0.9800000190734864,8,0.3504
150,4,0.9800000190734864,8,0.353422
150,5,0.9800000190734864,8,0.349867
150,6,0.9800000190734864,8,0.346356
150,2,0.9800000190734864,8,0.3432
150,4,0.9800000190734864,8,0.360978
150,6,0.9800000190734864,8,0.340089
150,5,0.9800000190734864,8,0.3472
150,5,0.9800000190734864,8,0.347067
150,3,0.9800000190734864,8,0.364133
150,6,0.9800000190734864,8,0.341156
150,3,0.9800000190734864,8,0.358889
150,5,0.9800000190734864,8,0.349289
150,6,0.9800000190734864,8,0.336711
150,2,0.9800000190734864,8,0.3484
150,3,0.9800000190734864,8,0.359956
150,2,0.9800000190734864,8,0.353244
150,5,0.9800000190734864,8,0.346444
150,6,0.9800000190734864,8,0.342711
150,6,0.9800000190734864,8,0.340178
150,2,0.9800000190734864,8,0.349467
150,3,0.9800000190734864,8,0.364222
150,5,0.9800000190734864,8,0.353911
150,3,0.9800000190734864,8,0.3564
150,6,0.9800000190734864,8,0.337422
150,4,0.9800000190734864,8,0.361956
150,4,0.9800000190734864,8,0.357244
150,6,0.9800000190734864,8,0.345956
150,6,0.9800000190734864,8,0.343022
150,4,0.9800000190734864,8,0.362133
150,2,0.9800000190734864,8,0.340622
150,2,0.9800000190734864,8,0.351022
150,5,0.9800000190734864,8,0.349867
150,2,0.9800000190734864,8,0.336356
150,3,0.9800000190734864,8,0.361467
150,3,0.9800000190734864,8,0.366578
150,3,0.9800000190734864,8,0.363689
150,2,0.9800000190734864,8,0.353733
150,5,0.9800000190734864,8,0.349956
150,2,0.9800000190734864,8,0.339333
150,2,0.9800000190734864,8,0.348133
150,3,0.9800000190734864,8,0.366978
150,4,0.9800000190734864,8,0.361867
150,2,0.9800000190734864,8,0.352178
150,3,0.9800000190734864,8,0.362311
150,6,0.9800000190734864,8,0.3452
150,5,0.9800000190734864,8,0.352356
150,4,0.9800000190734864,8,0.355822
150,6,0.9800000190734864,8,0.339111
150,6,0.9800000190734864,8,0.343156
150,3,0.9800000190734864,8,0.361422
150,3,0.9800000190734864,8,0.355511
150,3,0.9800000190734864,8,0.362311
150,4,0.9800000190734864,8,0.358267
150,2,0.9800000190734864,8,0.3464
150,5,0.9800000190734864,8,0.355022
150,5,0.9800000190734864,8,0.347556
150,5,0.9800000190734864,8,0.3484
150,5,0.9800000190734864,8,0.352444
150,4,0.9800000190734864,8,0.360533
150,5,0.9800000190734864,8,0.356622
150,4,0.9800000190734864,8,0.3568
150,3,0.9800000190734864,8,0.363733
150,5,0.9800000190734864,8,0.3548
150,4,0.9800000190734864,8,0.355467
150,3,0.9800000190734864,8,0.365067
150,6,0.9800000190734864,8,0.338178
150,5,0.9800000190734864,8,0.346533
150,3,0.9800000190734864,8,0.371111
150,3,0.9800000190734864,8,0.364089
150,6,0.9800000190734864,8,0.341422
150,4,0.9800000190734864,8,0.368889
150,5,0.9800000190734864,8,0.352933
150,5,0.9800000190734864,8,0.349378
150,2,0.9800000190734864,8,0.352356
150,4,0.9800000190734864,8,0.361689
150,4,0.9800000190734864,8,0.356267
150,3,0.9800000190734864,8,0.364489
150,3,0.9800000190734864,8,0.354933
150,4,0.9800000190734864,8,0.358578
150,3,0.9800000190734864,8,0.366489
150,3,0.9800000190734864,8,0.361644
150,3,0.9800000190734864,8,0.363422
150,5,0.9800000190734864,8,0.350089
150,5,0.9800000190734864,8,0.352667
150,4,0.9800000190734864,8,0.3584
150,2,0.9800000190734864,8,0.353156
150,6,0.9800000190734864,8,0.341822
150,3,0.9800000190734864,8,0.358667
150,4,0.9800000190734864,8,0.356356
150,3,0.9800000190734864,8,0.3672
150,6,0.9800000190734864,8,0.334756
150,6,0.9800000190734864,8,0.341511
150,5,0.9800000190734864,8,0.349022
150,4,0.9800000190734864,8,0.347556
150,5,0.9800000190734864,8,0.348756
150,2,0.9800000190734864,8,0.354311
150,2,0.9800000190734864,8,0.351333
150,4,0.9800000190734864,8,0.359778
150,3,0.9800000190734864,8,0.355556
150,6,0.9800000190734864,8,0.337822
150,2,0.9800000190734864,8,0.338044
150,5,0.9800000190734864,8,0.354444
150,4,0.9800000190734864,8,0.362711
150,5,0.9800000190734864,8,0.352
150,5,0.9800000190734864,8,0.348444
150,5,0.9800000190734864,8,0.356578
150,3,0.9800000190734864,8,0.3668
150,4,0.9800000190734864,8,0.358222
150,5,0.9800000190734864,8,0.342578
150,6,0.9800000190734864,8,0.338533
150,6,0.9800000190734864,8,0.336267
150,3,0.9800000190734864,8,0.367911
150,3,0.9800000190734864,8,0.370844
150,5,0.9800000190734864,8,0.342978
150,6,0.9800000190734864,8,0.346222
150,5,0.9800000190734864,8,0.350489
150,5,0.9800000190734864,8,0.352622
150,3,0.9800000190734864,8,0.360444
150,5,0.9800000190734864,8,0.345244
150,3,0.9800000190734864,8,0.3552
150,3,0.9800000190734864,8,0.362178
150,3,0.9800000190734864,8,0.364489
150,6,0.9800000190734864,8,0.342756
150,6,0.9800000190734864,8,0.339422
150,3,0.9800000190734864,8,0.356933
150,6,0.9800000190734864,8,0.338667
150,6,0.9800000190734864,8,0.3396
150,4,0.9800000190734864,8,0.356667
150,6,0.9800000190734864,8,0.337511
150,4,0.9800000190734864,8,0.355378
150,5,0.9800000190734864,8,0.3512
150,3,0.9800000190734864,8,0.361289
150,4,0.9800000190734864,8,0.361333
150,6,0.9800000190734864,8,0.335422
150,4,0.9800000190734864,8,0.362222
150,2,0.9800000190734864,8,0.355778
150,3,0.9800000190734864,8,0.362844
150,4,0.9800000190734864,8,0.356444
150,6,0.9800000190734864,8,0.337556
150,2,0.9800000190734864,8,0.348089
150,6,0.9800000190734864,8,0.345956
150,6,0.9800000190734864,8,0.344444
150,4,0.9800000190734864,8,0.356356
150,6,0.9800000190734864,8,0.342711
150,5,0.9800000190734864,8,0.345867
150,2,0.9800000190734864,8,0.3532
150,3,0.9800000190734864,8,0.360489
150,2,0.9800000190734864,8,0.346844
150,4,0.9800000190734864,8,0.360356
150,6,0.9800000190734864,8,0.336711
150,5,0.9800000190734864,8,0.350978
150,2,0.9800000190734864,8,0.351778
150,3,0.9800000190734864,8,0.369422
150,6,0.9800000190734864,8,0.340711
150,5,0.9800000190734864,8,0.349867
150,3,0.9800000190734864,8,0.366489
150,6,0.9800000190734864,8,0.343022
150,4,0.9800000190734864,8,0.358044
150,2,0.9800000190734864,8,0.351289
150,4,0.9800000190734864,8,0.356711
150,6,0.9800000190734864,8,0.336622
150,6,0.9800000190734864,8,0.341022
150,6,0.9800000190734864,8,0.347067
150,5,0.9800000190734864,8,0.349556
150,2,0.9800000190734864,8,0.343067
150,3,0.9800000190734864,8,0.361156
150,5,0.9800000190734864,8,0.352222
150,6,0.9800000190734864,8,0.342267
150,3,0.9800000190734864,8,0.359867
150,6,0.9800000190734864,8,0.345733
150,3,0.9800000190734864,8,0.366311
150,4,0.9800000190734864,8,0.350756
150,2,0.9800000190734864,8,0.336622
150,6,0.9800000190734864,8,0.341511
150,5,0.9800000190734864,8,0.356044
150,3,0.9800000190734864,8,0.366489
150,4,0.9800000190734864,8,0.358356
150,3,0.9800000190734864,8,0.357156
150,2,0.9800000190734864,8,0.339867
150,3,0.9800000190734864,8,0.360356
150,2,0.9800000190734864,8,0.346356
150,4,0.9800000190734864,8,0.361822
150,6,0.9800000190734864,8,0.338356
150,2,0.9800000190734864,8,0.341467
150,2,0.9800000190734864,8,0.343511
150,6,0.9800000190734864,8,0.3456
150,3,0.9800000190734864,8,0.359067
150,2,0.9800000190734864,8,0.342711
150,6,0.9800000190734864,8,0.344622
150,2,0.9800000190734864,8,0.353689
150,3,0.9800000190734864,8,0.365733
150,4,0.9800000190734864,8,0.353289
150,3,0.9800000190734864,8,0.3624
150,6,0.9800000190734864,8,0.344178
150,4,0.9800000190734864,8,0.355689
150,5,0.9800000190734864,8,0.3532
150,4,0.9800000190734864,8,0.364089
150,4,0.9800000190734864,8,0.362844
150,2,0.9800000190734864,8,0.350578
150,2,0.9800000190734864,8,0.346089
150,6,0.9800000190734864,8,0.3428
150,3,0.9800000190734864,8,0.357067
150,3,0.9800000190734864,8,0.362133
150,5,0.9800000190734864,8,0.350356
150,4,0.9800000190734864,8,0.363244
150,3,0.9800000190734864,8,0.360533
150,3,0.9800000190734864,8,0.365067
150,3,0.9800000190734864,8,0.366622
150,4,0.9800000190734864,8,0.358178
150,2,0.9800000190734864,8,0.347022
150,4,0.9800000190734864,8,0.353911
150,4,0.9800000190734864,8,0.352311
150,2,0.9800000190734864,8,0.353511
150,2,0.9800000190734864,8,0.346267
150,5,0.9800000190734864,8,0.352978
150,3,0.9800000190734864,8,0.366978
150,2,0.9800000190734864,8,0.348978
150,5,0.9800000190734864,8,0.338089
150,2,0.9800000190734864,8,0.352178
150,2,0.9800000190734864,8,0.341511
150,6,0.9800000190734864,8,0.337644
150,4,0.9800000190734864,8,0.362978
150,3,0.9800000190734864,8,0.3568
150,5,0.9800000190734864,8,0.350489
150,4,0.9800000190734864,8,0.362089
150,6,0.9800000190734864,8,0.343867
150,6,0.9800000190734864,8,0.3404
150,6,0.9800000190734864,8,0.344
150,4,0.9800000190734864,8,0.372844
150,6,0.9800000190734864,8,0.340178
150,6,0.9800000190734864,8,0.346
150,3,0.9800000190734864,8,0.370622
150,6,0.9800000190734864,8,0.3436
150,2,0.9800000190734864,8,0.348222
150,5,0.9800000190734864,8,0.3452
150,2,0.9800000190734864,8,0.346622
150,2,0.9800000190734864,8,0.355111
150,2,0.9800000190734864,8,0.353378
150,6,0.9800000190734864,8,0.340356
150,2,0.9800000190734864,8,0.356178
150,4,0.9800000190734864,8,0.348178
150,5,0.9800000190734864,8,0.352
150,2,0.9800000190734864,8,0.338133
150,2,0.9800000190734864,8,0.3464
150,4,0.9800000190734864,8,0.363244
150,4,0.9800000190734864,8,0.358756
150,6,0.9800000190734864,8,0.334267
150,6,0.9800000190734864,8,0.3416
150,5,0.9800000190734864,8,0.3524
150,2,0.9800000190734864,8,0.341022
150,6,0.9800000190734864,8,0.339911
150,6,0.9800000190734864,8,0.341689
150,5,0.9800000190734864,8,0.3492
150,6,0.9800000190734864,8,0.344533
150,6,0.9800000190734864,8,0.340711
150,5,0.9800000190734864,8,0.350489
150,2,0.9800000190734864,8,0.340933
150,6,0.9800000190734864,8,0.345733
150,6,0.9800000190734864,8,0.342178
150,2,0.9800000190734864,8,0.357022
150,3,0.9800000190734864,8,0.36
150,6,0.9800000190734864,8,0.340756
150,5,0.9800000190734864,8,0.345733
150,6,0.9800000190734864,8,0.343644
150,2,0.9800000190734864,8,0.348311
150,5,0.9800000190734864,8,0.3556
150,6,0.9800000190734864,8,0.347067
150,2,0.9800000190734864,8,0.344889
150,6,0.9800000190734864,8,0.3368
150,5,0.9800000190734864,8,0.3504
150,4,0.9800000190734864,8,0.370356
150,6,0.9800000190734864,8,0.344311
150,4,0.9800000190734864,8,0.355911
150,2,0.9800000190734864,8,0.3476
150,4,0.9800000190734864,8,0.361467
150,6,0.9800000190734864,8,0.342356
150,2,0.9800000190734864,8,0.339867
150,3,0.9800000190734864,8,0.370978
150,4,0.9800000190734864,8,0.359467
150,4,0.9800000190734864,8,0.360311
150,4,0.9800000190734864,8,0.3616
150,4,0.9800000190734864,8,0.355822
150,5,0.9800000190734864,8,0.345733
150,3,0.9800000190734864,8,0.3724
150,6,0.9800000190734864,8,0.338933
150,4,0.9800000190734864,8,0.362
150,6,0.9800000190734864,8,0.337244
150,3,0.9800000190734864,8,0.366533
150,4,0.9800000190734864,8,0.355511
150,2,0.9800000190734864,8,0.336711
150,4,0.9800000190734864,8,0.357467
150,2,0.9800000190734864,8,0.3528
150,2,0.9800000190734864,8,0.350933
150,2,0.9800000190734864,8,0.36
150,3,0.9800000190734864,8,0.366133
150,5,0.9800000190734864,8,0.356533
150,6,0.9800000190734864,8,0.339067
150,2,0.9800000190734864,8,0.354711
150,6,0.9800000190734864,8,0.346133
150,5,0.9800000190734864,8,0.348222
150,6,0.9800000190734864,8,0.334844
150,2,0.9800000190734864,8,0.353067
150,6,0.9800000190734864,8,0.341867
150,2,0.9800000190734864,8,0.368356
150,4,0.9800000190734864,8,0.3636
150,4,0.9800000190734864,8,0.364489
150,3,0.9800000190734864,8,0.364
150,4,0.9800000190734864,8,0.357733
150,2,0.9800000190734864,8,0.358311
150,5,0.9800000190734864,8,0.357422
150,2,0.9800000190734864,8,0.346578
150,3,0.9800000190734864,8,0.369867
150,6,0.9800000190734864,8,0.346
150,2,0.9800000190734864,8,0.331556
150,3,0.9800000190734864,8,0.359733
150,4,0.9800000190734864,8,0.353911
150,5,0.9800000190734864,8,0.346267
150,3,0.9800000190734864,8,0.371733
150,6,0.9800000190734864,8,0.338667
150,4,0.9800000190734864,8,0.361822
150,5,0.9800000190734864,8,0.346
150,6,0.9800000190734864,8,0.340622
150,5,0.9800000190734864,8,0.349556
150,2,0.9800000190734864,8,0.352267
150,4,0.9800000190734864,8,0.352844
150,4,0.9800000190734864,8,0.356578
150,2,0.9800000190734864,8,0.353111
150,6,0.9800000190734864,8,0.343067
150,5,0.9800000190734864,8,0.349467
150,5,0.9800000190734864,8,0.352311
150,2,0.9800000190734864,8,0.344089
150,3,0.9800000190734864,8,0.3592
150,4,0.9800000190734864,8,0.362978
150,2,0.9800000190734864,8,0.337822
150,3,0.9800000190734864,8,0.369644
150,3,0.9800000190734864,8,0.362133
150,2,0.9800000190734864,8,0.347067
150,5,0.9800000190734864,8,0.352844
150,3,0.9800000190734864,8,0.359333
150,5,0.9800000190734864,8,0.354933
150,5,0.9800000190734864,8,0.3472
150,3,0.9800000190734864,8,0.359778
150,2,0.9800000190734864,8,0.341511
150,3,0.9800000190734864,8,0.359867
150,5,0.9800000190734864,8,0.350933
150,6,0.9800000190734864,8,0.342667
150,5,0.9800000190734864,8,0.346533
150,4,0.9800000190734864,8,0.362756
150,6,0.9800000190734864,8,0.341333
150,4,0.9800000190734864,8,0.349378
150,5,0.9800000190734864,8,0.349333
150,3,0.9800000190734864,8,0.358578
150,4,0.9800000190734864,8,0.366756
150,3,0.9800000190734864,8,0.362711
150,3,0.9800000190734864,8,0.3628
150,4,0.9800000190734864,8,0.348978
150,6,0.9800000190734864,8,0.346533
150,3,0.9800000190734864,8,0.360089
150,5,0.9800000190734864,8,0.353378
150,6,0.9800000190734864,8,0.341156
150,5,0.9800000190734864,8,0.350622
150,5,0.9800000190734864,8,0.356356
150,4,0.9800000190734864,8,0.358444
150,4,0.9800000190734864,8,0.352489
150,3,0.9800000190734864,8,0.366089
150,5,0.9800000190734864,8,0.357911
150,5,0.9800000190734864,8,0.354444
150,5,0.9800000190734864,8,0.353911
150,3,0.9800000190734864,8,0.361289
150,3,0.9800000190734864,8,0.357867
150,3,0.9800000190734864,8,0.369333
150,6,0.9800000190734864,8,0.341467
150,5,0.9800000190734864,8,0.355689
150,2,0.9800000190734864,8,0.356622
150,2,0.9800000190734864,8,0.342133
150,3,0.9800000190734864,8,0.356356
150,6,0.9800000190734864,8,0.336889
150,3,0.9800000190734864,8,0.3652
150,6,0.9800000190734864,8,0.345467
150,2,0.9800000190734864,8,0.356622
150,2,0.9800000190734864,8,0.352356
150,5,0.9800000190734864,8,0.344178
150,3,0.9800000190734864,8,0.355733
150,2,0.9800000190734864,8,0.359556
150,4,0.9800000190734864,8,0.3604
150,2,0.9800000190734864,8,0.338178
150,4,0.9800000190734864,8,0.360933
150,6,0.9800000190734864,8,0.341422
150,5,0.9800000190734864,8,0.353333
150,5,0.9800000190734864,8,0.3472
150,4,0.9800000190734864,8,0.361511
150,3,0.9800000190734864,8,0.363556
150,4,0.9800000190734864,8,0.363689
150,6,0.9800000190734864,8,0.340178
150,4,0.9800000190734864,8,0.364533
150,4,0.9800000190734864,8,0.358978
150,4,0.9800000190734864,8,0.358222
150,2,0.9800000190734864,8,0.353778
150,4,0.9800000190734864,8,0.358178
150,4,0.9800000190734864,8,0.353689
150,5,0.9800000190734864,8,0.342133
150,3,0.9800000190734864,8,0.369689
150,6,0.9800000190734864,8,0.343333
150,4,0.9800000190734864,8,0.359556
150,5,0.9800000190734864,8,0.350489
150,4,0.9800000190734864,8,0.357289
150,2,0.9800000190734864,8,0.345689
150,2,0.9800000190734864,8,0.351067
150,6,0.9800000190734864,8,0.340178
150,4,0.9800000190734864,8,0.362222
150,3,0.9800000190734864,8,0.365422
150,6,0.9800000190734864,8,0.340222
150,6,0.9800000190734864,8,0.337733
150,5,0.9800000190734864,8,0.349422
150,3,0.9800000190734864,8,0.3648
150,6,0.9800000190734864,8,0.341511
150,2,0.9800000190734864,8,0.348533
150,2,0.9800000190734864,8,0.3492
150,3,0.9800000190734864,8,0.352222
150,4,0.9800000190734864,8,0.357689
150,6,0.9800000190734864,8,0.348578
150,6,0.9800000190734864,8,0.342933
150,6,0.9800000190734864,8,0.340578
150,3,0.9800000190734864,8,0.365378
150,4,0.9800000190734864,8,0.354889
150,6,0.9800000190734864,8,0.3356
150,6,0.9800000190734864,8,0.343822
150,5,0.9800000190734864,8,0.3468
150,5,0.9800000190734864,8,0.352578
150,2,0.9800000190734864,8,0.349556
150,3,0.9800000190734864,8,0.373733
150,2,0.9800000190734864,8,0.343378
150,3,0.9800000190734864,8,0.366044
150,2,0.9800000190734864,8,0.357911
150,4,0.9800000190734864,8,0.3612
150,2,0.9800000190734864,8,0.342
150,2,0.9800000190734864,8,0.360533
150,4,0.9800000190734864,8,0.356356
150,2,0.9800000190734864,8,0.348622
150,4,0.9800000190734864,8,0.347911
150,5,0.9800000190734864,8,0.356578
150,2,0.9800000190734864,8,0.350267
150,5,0.9800000190734864,8,0.35
150,6,0.9800000190734864,8,0.340711
150,6,0.9800000190734864,8,0.342489
150,3,0.9800000190734864,8,0.361778
150,4,0.9800000190734864,8,0.364756
150,4,0.9800000190734864,8,0.363022
150,4,0.9800000190734864,8,0.357111
150,6,0.9800000190734864,8,0.342444
150,4,0.9800000190734864,8,0.354978
150,6,0.9800000190734864,8,0.337689
150,2,0.9800000190734864,8,0.344711
150,3,0.9800000190734864,8,0.358267
150,4,0.9800000190734864,8,0.358844
150,2,0.9800000190734864,8,0.349822
150,4,0.9800000190734864,8,0.361022
150,6,0.9800000190734864,8,0.345733
150,6,0.9800000190734864,8,0.341956
150,2,0.9800000190734864,8,0.350178
150,3,0.9800000190734864,8,0.354933
150,5,0.9800000190734864,8,0.346756
150,5,0.9800000190734864,8,0.3492
150,5,0.9800000190734864,8,0.3508
150,6,0.9800000190734864,8,0.341689
150,5,0.9800000190734864,8,0.351733
150,6,0.9800000190734864,8,0.342667
150,5,0.9800000190734864,8,0.353511
150,4,0.9800000190734864,8,0.362222
150,6,0.9800000190734864,8,0.343822
150,2,0.9800000190734864,8,0.347111
150,4,0.9800000190734864,8,0.357511
150,5,0.9800000190734864,8,0.347689
150,2,0.9800000190734864,8,0.349733
150,4,0.9800000190734864,8,0.353644
150,6,0.9800000190734864,8,0.344756
150,2,0.9800000190734864,8,0.351333
150,6,0.9800000190734864,8,0.341467
150,5,0.9800000190734864,8,0.349422
150,5,0.9800000190734864,8,0.353867
150,2,0.9800000190734864,8,0.3512
150,6,0.9800000190734864,8,0.344089
150,3,0.9800000190734864,8,0.363778
150,3,0.9800000190734864,8,0.375822
150,2,0.9800000190734864,8,0.353644
150,3,0.9800000190734864,8,0.361289
150,2,0.9800000190734864,8,0.354444
150,2,0.9800000190734864,8,0.347556
150,3,0.9800000190734864,8,0.3664
150,2,0.9800000190734864,8,0.343644
150,2,0.9800000190734864,8,0.354
150,6,0.9800000190734864,8,0.341778
150,2,0.9800000190734864,8,0.344844
150,2,0.9800000190734864,8,0.3368
150,6,0.9800000190734864,8,0.339733
150,6,0.9800000190734864,8,0.340356
150,5,0.9800000190734864,8,0.349378
150,5,0.9800000190734864,8,0.353867
150,6,0.9800000190734864,8,0.345956
150,5,0.9800000190734864,8,0.351156
150,3,0.9800000190734864,8,0.358267
150,5,0.9800000190734864,8,0.351378
150,6,0.9800000190734864,8,0.340222
150,6,0.9800000190734864,8,0.335911
150,2,0.9800000190734864,8,0.354756
150,6,0.9800000190734864,8,0.338711
150,3,0.9800000190734864,8,0.364489
150,3,0.9800000190734864,8,0.360533
150,4,0.9800000190734864,8,0.355022
150,6,0.9800000190734864,8,0.344178
150,2,0.9800000190734864,8,0.343511
150,2,0.9800000190734864,8,0.344622
150,6,0.9800000190734864,8,0.340711
150,3,0.9800000190734864,8,0.3592
150,5,0.9800000190734864,8,0.345467
150,3,0.9800000190734864,8,0.370222
150,6,0.9800000190734864,8,0.341289
150,6,0.9800000190734864,8,0.337689
150,6,0.9800000190734864,8,0.335156
150,6,0.9800000190734864,8,0.341689
150,5,0.9800000190734864,8,0.350533
150,3,0.9800000190734864,8,0.355822
150,2,0.9800000190734864,8,0.340578
150,5,0.9800000190734864,8,0.350444
150,2,0.9800000190734864,8,0.354889
150,4,0.9800000190734864,8,0.3548
150,4,0.9800000190734864,8,0.365822
150,2,0.9800000190734864,8,0.354622
150,4,0.9800000190734864,8,0.360978
150,5,0.9800000190734864,8,0.351378
150,2,0.9800000190734864,8,0.345867
150,3,0.9800000190734864,8,0.360133
150,6,0.9800000190734864,8,0.339378
150,5,0.9800000190734864,8,0.349022
150,2,0.9800000190734864,8,0.346933
150,3,0.9800000190734864,8,0.3628
150,6,0.9800000190734864,8,0.344
150,3,0.9800000190734864,8,0.349822
150,4,0.9800000190734864,8,0.355422
150,3,0.9800000190734864,8,0.360756
150,5,0.9800000190734864,8,0.347511
150,3,0.9800000190734864,8,0.3644
150,4,0.9800000190734864,8,0.364578
150,5,0.9800000190734864,8,0.349511
150,6,0.9800000190734864,8,0.335556
150,4,0.9800000190734864,8,0.358711
150,4,0.9800000190734864,8,0.357067
150,4,0.9800000190734864,8,0.3588
150,6,0.9800000190734864,8,0.34
150,6,0.9800000190734864,8,0.340933
150,6,0.9800000190734864,8,0.335378
150,4,0.9800000190734864,8,0.357778
150,3,0.9800000190734864,8,0.362578
150,3,0.9800000190734864,8,0.366844
150,6,0.9800000190734864,8,0.334133
150,2,0.9800000190734864,8,0.344444
150,5,0.9800000190734864,8,0.353111
150,4,0.9800000190734864,8,0.356089
150,3,0.9800000190734864,8,0.363689
150,3,0.9800000190734864,8,0.3596
150,4,0.9800000190734864,8,0.361822
150,4,0.9800000190734864,8,0.354756
150,5,0.9800000190734864,8,0.348933
150,3,0.9800000190734864,8,0.365467
150,3,0.9800000190734864,8,0.3496
150,6,0.9800000190734864,8,0.343422
150,4,0.9800000190734864,8,0.360889
150,4,0.9800000190734864,8,0.360311
150,2,0.9800000190734864,8,0.350089
150,3,0.9800000190734864,8,0.357467
150,4,0.9800000190734864,8,0.3628
150,4,0.9800000190734864,8,0.355778
150,5,0.9800000190734864,8,0.341467
150,4,0.9800000190734864,8,0.355289
150,6,0.9800000190734864,8,0.340622
150,5,0.9800000190734864,8,0.354311
150,3,0.9800000190734864,8,0.364667
150,4,0.9800000190734864,8,0.362133
150,3,0.9800000190734864,8,0.355689
150,4,0.9800000190734864,8,0.358356
150,2,0.9800000190734864,8,0.3536
150,3,0.9800000190734864,8,0.358667
150,5,0.9800000190734864,8,0.351067
150,5,0.9800000190734864,8,0.357778
150,5,0.9800000190734864,8,0.346178
150,2,0.9800000190734864,8,0.345378
150,3,0.9800000190734864,8,0.366267
150,3,0.9800000190734864,8,0.362978
150,4,0.9800000190734864,8,0.369689
150,3,0.9800000190734864,8,0.362933
150,3,0.9800000190734864,8,0.355289
150,3,0.9800000190734864,8,0.362578
150,4,0.9800000190734864,8,0.361111
150,5,0.9800000190734864,8,0.352889
150,2,0.9800000190734864,8,0.344711
150,5,0.9800000190734864,8,0.350933
150,3,0.9800000190734864,8,0.366622
150,6,0.9800000190734864,8,0.341644
150,3,0.9800000190734864,8,0.361244
150,3,0.9800000190734864,8,0.371244
150,3,0.9800000190734864,8,0.3684
150,2,0.9800000190734864,8,0.350044
150,2,0.9800000190734864,8,0.341511
150,4,0.9800000190734864,8,0.349111
150,6,0.9800000190734864,8,0.339644
150,4,0.9800000190734864,8,0.363289
150,2,0.9800000190734864,8,0.354533
150,6,0.9800000190734864,8,0.340889
150,5,0.9800000190734864,8,0.346
150,4,0.9800000190734864,8,0.364578
150,5,0.9800000190734864,8,0.342133
150,6,0.9800000190734864,8,0.338756
150,3,0.9800000190734864,8,0.346222
150,2,0.9800000190734864,8,0.349378
150,5,0.9800000190734864,8,0.349467
150,3,0.9800000190734864,8,0.3548
150,5,0.9800000190734864,8,0.354889
150,4,0.9800000190734864,8,0.356933
150,4,0.9800000190734864,8,0.357156
150,5,0.9800000190734864,8,0.351956
150,6,0.9800000190734864,8,0.3376
150,4,0.9800000190734864,8,0.357822
150,4,0.9800000190734864,8,0.355511
150,2,0.9800000190734864,8,0.354178
150,5,0.9800000190734864,8,0.353467
150,4,0.9800000190734864,8,0.352933
150,3,0.9800000190734864,8,0.3592
150,3,0.9800000190734864,8,0.361333
150,5,0.9800000190734864,8,0.348356
150,2,0.9800000190734864,8,0.357156
150,4,0.9800000190734864,8,0.352756
150,6,0.9800000190734864,8,0.336178
150,6,0.9800000190734864,8,0.343289
150,2,0.9800000190734864,8,0.3428
150,4,0.9800000190734864,8,0.343778
150,5,0.9800000190734864,8,0.350711
150,3,0.9800000190734864,8,0.357333
150,4,0.9800000190734864,8,0.357289
150,5,0.9800000190734864,8,0.357422
150,6,0.9800000190734864,8,0.343067
150,6,0.9800000190734864,8,0.340222
150,4,0.9800000190734864,8,0.357067
150,3,0.9800000190734864,8,0.358267
150,5,0.9800000190734864,8,0.357422
150,4,0.9800000190734864,8,0.359511
150,5,0.9800000190734864,8,0.346356
150,5,0.9800000190734864,8,0.356267
150,3,0.9800000190734864,8,0.369467
150,3,0.9800000190734864,8,0.360533
150,3,0.9800000190734864,8,0.364978
150,6,0.9800000190734864,8,0.332489
150,2,0.9800000190734864,8,0.345911
150,2,0.9800000190734864,8,0.350222
150,4,0.9800000190734864,8,0.361644
150,3,0.9800000190734864,8,0.360578
150,5,0.9800000190734864,8,0.347778
150,3,0.9800000190734864,8,0.359511
150,5,0.9800000190734864,8,0.352222
150,2,0.9800000190734864,8,0.358933
150,4,0.9800000190734864,8,0.352889
150,2,0.9800000190734864,8,0.362
150,2,0.9800000190734864,8,0.357422
150,4,0.9800000190734864,8,0.358756
150,6,0.9800000190734864,8,0.329867
150,6,0.9800000190734864,8,0.341867
150,5,0.9800000190734864,8,0.341956
150,3,0.9800000190734864,8,0.361822
150,5,0.9800000190734864,8,0.349289
150,6,0.9800000190734864,8,0.345956
150,2,0.9800000190734864,8,0.335422
150,6,0.9800000190734864,8,0.3428
150,4,0.9800000190734864,8,0.350267
150,6,0.9800000190734864,8,0.342089
150,4,0.9800000190734864,8,0.360222
150,5,0.9800000190734864,8,0.354356
150,5,0.9800000190734864,8,0.355244
150,5,0.9800000190734864,8,0.348622
150,5,0.9800000190734864,8,0.349822
150,4,0.9800000190734864,8,0.357333
150,6,0.9800000190734864,8,0.338533
150,2,0.9800000190734864,8,0.348089
150,2,0.9800000190734864,8,0.3412
150,5,0.9800000190734864,8,0.343733
150,5,0.9800000190734864,8,0.3524
150,4,0.9800000190734864,8,0.362978
150,5,0.9800000190734864,8,0.350089
150,3,0.9800000190734864,8,0.366711
150,4,0.9800000190734864,8,0.360711
150,5,0.9800000190734864,8,0.347244
150,6,0.9800000190734864,8,0.339733
150,5,0.9800000190734864,8,0.355467
150,4,0.9800000190734864,8,0.359244
150,4,0.9800000190734864,8,0.359822
150,3,0.9800000190734864,8,0.364711
150,3,0.9800000190734864,8,0.362
150,3,0.9800000190734864,8,0.362578
150,3,0.9800000190734864,8,0.363956
150,6,0.9800000190734864,8,0.331911
150,5,0.9800000190734864,8,0.350222
150,2,0.9800000190734864,8,0.342311
150,5,0.9800000190734864,8,0.3468
150,2,0.9800000190734864,8,0.346133
150,2,0.9800000190734864,8,0.353511
150,2,0.9800000190734864,8,0.354089
150,6,0.9800000190734864,8,0.339956
150,5,0.9800000190734864,8,0.352667
150,2,0.9800000190734864,8,0.349733
150,4,0.9800000190734864,8,0.356222
150,3,0.9800000190734864,8,0.358311
150,6,0.9800000190734864,8,0.342178
150,4,0.9800000190734864,8,0.364311
150,3,0.9800000190734864,8,0.358133
150,5,0.9800000190734864,8,0.3492
150,5,0.9800000190734864,8,0.348844
150,4,0.9800000190734864,8,0.360222
150,3,0.9800000190734864,8,0.3608
150,6,0.9800000190734864,8,0.334
150,5,0.9800000190734864,8,0.351378
150,5,0.9800000190734864,8,0.352889
150,3,0.9800000190734864,8,0.358933
150,2,0.9800000190734864,8,0.353733
150,2,0.9800000190734864,8,0.343644
150,6,0.9800000190734864,8,0.337067
150,3,0.9800000190734864,8,0.369111
150,5,0.9800000190734864,8,0.353644
150,4,0.9800000190734864,8,0.364667
150,6,0.9800000190734864,8,0.336089
150,3,0.9800000190734864,8,0.359511
150,5,0.9800000190734864,8,0.344711
150,5,0.9800000190734864,8,0.360044
150,5,0.9800000190734864,8,0.352756
150,2,0.9800000190734864,8,0.3496
150,6,0.9800000190734864,8,0.338711
150,2,0.9800000190734864,8,0.3508
150,3,0.9800000190734864,8,0.358578
150,3,0.9800000190734864,8,0.347244
150,2,0.9800000190734864,8,0.334444
150,6,0.9800000190734864,8,0.3448
150,5,0.9800000190734864,8,0.352089
150,6,0.9800000190734864,8,0.343778
150,3,0.9800000190734864,8,0.364667
150,3,0.9800000190734864,8,0.354178
150,3,0.9800000190734864,8,0.367022
150,5,0.9800000190734864,8,0.3508
150,6,0.9800000190734864,8,0.341733
150,4,0.9800000190734864,8,0.348756
150,5,0.9800000190734864,8,0.347867
150,2,0.9800000190734864,8,0.356
150,2,0.9800000190734864,8,0.3452
150,4,0.9800000190734864,8,0.3544
150,6,0.9800000190734864,8,0.342222
150,5,0.9800000190734864,8,0.349911
150,4,0.9800000190734864,8,0.359689
150,5,0.9800000190734864,8,0.354756
150,6,0.9800000190734864,8,0.340089
150,5,0.9800000190734864,8,0.3544
150,3,0.9800000190734864,8,0.362222
150,4,0.9800000190734864,8,0.355422
150,4,0.9800000190734864,8,0.362844
150,3,0.9800000190734864,8,0.354889
150,3,0.9800000190734864,8,0.364222
150,2,0.9800000190734864,8,0.343644
150,4,0.9800000190734864,8,0.359378
150,5,0.9800000190734864,8,0.353333
150,4,0.9800000190734864,8,0.367289
150,2,0.9800000190734864,8,0.353378
150,3,0.9800000190734864,8,0.363822
150,4,0.9800000190734864,8,0.356089
150,6,0.9800000190734864,8,0.339556
150,5,0.9800000190734864,8,0.349067
150,3,0.9800000190734864,8,0.362356
150,2,0.9800000190734864,8,0.352133
150,2,0.9800000190734864,8,0.352044
150,4,0.9800000190734864,8,0.358978
150,6,0.9800000190734864,8,0.342444
150,6,0.9800000190734864,8,0.332889
150,6,0.9800000190734864,8,0.343778
150,5,0.9800000190734864,8,0.351911
150,4,0.9800000190734864,8,0.362356
150,5,0.9800000190734864,8,0.356178
150,3,0.9800000190734864,8,0.361733
150,5,0.9800000190734864,8,0.350222
150,5,0.9800000190734864,8,0.354933
150,4,0.9800000190734864,8,0.363067
150,6,0.9800000190734864,8,0.339422
150,6,0.9800000190734864,8,0.339956
150,2,0.9800000190734864,8,0.350311
150,5,0.9800000190734864,8,0.348
150,2,0.9800000190734864,8,0.335467
150,3,0.9800000190734864,8,0.361467
150,4,0.9800000190734864,8,0.362978
150,5,0.9800000190734864,8,0.349867
150,5,0.9800000190734864,8,0.351244
150,5,0.9800000190734864,8,0.352222
150,2,0.9800000190734864,8,0.343378
150,6,0.9800000190734864,8,0.344044
150,6,0.9800000190734864,8,0.343378
150,4,0.9800000190734864,8,0.360356
150,2,0.9800000190734864,8,0.346756
150,3,0.9800000190734864,8,0.361422
150,5,0.9800000190734864,8,0.352044
150,2,0.9800000190734864,8,0.348844
150,2,0.9800000190734864,8,0.339822
150,6,0.9800000190734864,8,0.342311
150,5,0.9800000190734864,8,0.348533
150,3,0.9800000190734864,8,0.363956
150,5,0.9800000190734864,8,0.3444
150,6,0.9800000190734864,8,0.338489
150,3,0.9800000190734864,8,0.364133
150,6,0.9800000190734864,8,0.331422
150,4,0.9800000190734864,8,0.352578
150,2,0.9800000190734864,8,0.348933
150,2,0.9800000190734864,8,0.343467
150,4,0.9800000190734864,8,0.359822
150,3,0.9800000190734864,8,0.365956
150,6,0.9800000190734864,8,0.341956
150,6,0.9800000190734864,8,0.343156
150,5,0.9800000190734864,8,0.352444
150,3,0.9800000190734864,8,0.363511
150,3,0.9800000190734864,8,0.352
150,6,0.9800000190734864,8,0.344311
150,5,0.9800000190734864,8,0.352711
150,3,0.9800000190734864,8,0.361333
150,6,0.9800000190734864,8,0.339511
150,6,0.9800000190734864,8,0.344889
150,6,0.9800000190734864,8,0.343778
150,3,0.9800000190734864,8,0.364711
150,3,0.9800000190734864,8,0.361244
150,2,0.9800000190734864,8,0.349778
150,4,0.9800000190734864,8,0.359378
150,5,0.9800000190734864,8,0.353822
150,4,0.9800000190734864,8,0.362578
150,4,0.9800000190734864,8,0.356533
150,3,0.9800000190734864,8,0.358133
150,5,0.9800000190734864,8,0.350578
150,5,0.9800000190734864,8,0.347244
150,5,0.9800000190734864,8,0.351778
150,2,0.9800000190734864,8,0.348533
150,5,0.9800000190734864,8,0.346133
150,6,0.9800000190734864,8,0.337022
150,5,0.9800000190734864,8,0.347644
150,6,0.9800000190734864,8,0.340178
150,3,0.9800000190734864,8,0.361867
150,5,0.9800000190734864,8,0.350311
150,6,0.9800000190734864,8,0.3424
150,2,0.9800000190734864,8,0.348889
150,3,0.9800000190734864,8,0.365956
150,3,0.9800000190734864,8,0.363911
150,5,0.9800000190734864,8,0.343822
150,3,0.9800000190734864,8,0.356667
150,3,0.9800000190734864,8,0.366667
150,6,0.9800000190734864,8,0.346978
150,6,0.9800000190734864,8,0.339689
150,6,0.9800000190734864,8,0.334444
150,4,0.9800000190734864,8,0.367733
150,4,0.9800000190734864,8,0.350444
150,3,0.9800000190734864,8,0.362844
150,4,0.9800000190734864,8,0.357467
150,2,0.9800000190734864,8,0.352756
150,5,0.9800000190734864,8,0.350044
150,6,0.9800000190734864,8,0.339244
150,2,0.9800000190734864,8,0.358133
150,4,0.9800000190734864,8,0.351422
150,4,0.9800000190734864,8,0.360444
150,2,0.9800000190734864,8,0.352178
150,6,0.9800000190734864,8,0.344667
150,5,0.9800000190734864,8,0.349156
150,4,0.9800000190734864,8,0.364622
150,4,0.9800000190734864,8,0.356044
150,6,0.9800000190734864,8,0.339822
150,5,0.9800000190734864,8,0.344578
150,3,0.9800000190734864,8,0.352044
150,2,0.9800000190734864,8,0.345556
150,2,0.9800000190734864,8,0.348267
150,4,0.9800000190734864,8,0.357289
150,2,0.9800000190734864,8,0.346667
150,5,0.9800000190734864,8,0.354889
150,2,0.9800000190734864,8,0.348222
150,3,0.9800000190734864,8,0.362711
150,6,0.9800000190734864,8,0.339467
150,4,0.9800000190734864,8,0.3616
150,3,0.9800000190734864,8,0.359689
150,2,0.9800000190734864,8,0.344
150,2,0.9800000190734864,8,0.349156
150,3,0.9800000190734864,8,0.3664
150,6,0.9800000190734864,8,0.3384
150,3,0.9800000190734864,8,0.3692
150,6,0.9800000190734864,8,0.341333
150,2,0.9800000190734864,8,0.355956
150,5,0.9800000190734864,8,0.345022
150,4,0.9800000190734864,8,0.363022
150,6,0.9800000190734864,8,0.344978
150,2,0.9800000190734864,8,0.350133
150,3,0.9800000190734864,8,0.354933
150,5,0.9800000190734864,8,0.354044
150,2,0.9800000190734864,8,0.356178
150,3,0.9800000190734864,8,0.359956
150,5,0.9800000190734864,8,0.356711
150,6,0.9800000190734864,8,0.334133
150,6,0.9800000190734864,8,0.336756
150,5,0.9800000190734864,8,0.345156
150,2,0.9800000190734864,8,0.349422
150,6,0.9800000190734864,8,0.340311
150,2,0.9800000190734864,8,0.349467
150,6,0.9800000190734864,8,0.339467
150,5,0.9800000190734864,8,0.356933
150,5,0.9800000190734864,8,0.350578
150,3,0.9800000190734864,8,0.355467
150,4,0.9800000190734864,8,0.358222
150,4,0.9800000190734864,8,0.357778
150,2,0.9800000190734864,8,0.345511
150,6,0.9800000190734864,8,0.343022
150,4,0.9800000190734864,8,0.3644
150,4,0.9800000190734864,8,0.365244
150,3,0.9800000190734864,8,0.357644
150,3,0.9800000190734864,8,0.366089
150,2,0.9800000190734864,8,0.349333
150,5,0.9800000190734864,8,0.346178
150,5,0.9800000190734864,8,0.355733
150,2,0.9800000190734864,8,0.356444
150,4,0.9800000190734864,8,0.361156
150,3,0.9800000190734864,8,0.352044
150,5,0.9800000190734864,8,0.348711
150,4,0.9800000190734864,8,0.357867
150,3,0.9800000190734864,8,0.363067
150,3,0.9800000190734864,8,0.362667
150,3,0.9800000190734864,8,0.358933
150,4,0.9800000190734864,8,0.356178
150,2,0.9800000190734864,8,0.356622
150,2,0.9800000190734864,8,0.358
150,6,0.9800000190734864,8,0.349067
150,5,0.9800000190734864,8,0.3516
150,3,0.9800000190734864,8,0.362533
150,4,0.9800000190734864,8,0.360489
150,2,0.9800000190734864,8,0.351778
150,4,0.9800000190734864,8,0.358578
150,5,0.9800000190734864,8,0.358133
150,5,0.9800000190734864,8,0.345822
150,3,0.9800000190734864,8,0.366889
150,2,0.9800000190734864,8,0.336444
150,2,0.9800000190734864,8,0.356933
150,4,0.9800000190734864,8,0.355244
150,5,0.9800000190734864,8,0.353511
150,2,0.9800000190734864,8,0.346267
150,5,0.9800000190734864,8,0.350533
150,5,0.9800000190734864,8,0.3508
150,5,0.9800000190734864,8,0.3496
150,5,0.9800000190734864,8,0.353911
150,6,0.9800000190734864,8,0.343289
150,4,0.9800000190734864,8,0.350933
150,3,0.9800000190734864,8,0.364578
150,6,0.9800000190734864,8,0.341333
150,6,0.9800000190734864,8,0.342489
150,4,0.9800000190734864,8,0.356311
150,6,0.9800000190734864,8,0.343822
150,5,0.9800000190734864,8,0.353067
150,2,0.9800000190734864,8,0.346933
150,6,0.9800000190734864,8,0.340889
150,3,0.9800000190734864,8,0.362933
150,6,0.9800000190734864,8,0.336222
150,2,0.9800000190734864,8,0.356489
150,5,0.9800000190734864,8,0.348622
150,6,0.9800000190734864,8,0.342267
150,4,0.9800000190734864,8,0.356978
150,6,0.9800000190734864,8,0.345022
150,4,0.9800000190734864,8,0.359822
150,3,0.9800000190734864,8,0.364533
150,6,0.9800000190734864,8,0.336978
150,6,0.9800000190734864,8,0.342844
150,2,0.9800000190734864,8,0.347156
150,4,0.9800000190734864,8,0.357956
150,6,0.9800000190734864,8,0.3452
150,4,0.9800000190734864,8,0.363467
150,2,0.9800000190734864,8,0.351156
150,3,0.9800000190734864,8,0.361378
150,3,0.9800000190734864,8,0.358489
150,4,0.9800000190734864,8,0.364178
150,6,0.9800000190734864,8,0.340844
150,3,0.9800000190734864,8,0.371644
150,5,0.9800000190734864,8,0.348622
150,3,0.9800000190734864,8,0.368222
150,6,0.9800000190734864,8,0.338444
150,2,0.9800000190734864,8,0.346
150,5,0.9800000190734864,8,0.351689
150,3,0.9800000190734864,8,0.365156
150,4,0.9800000190734864,8,0.3584
150,5,0.9800000190734864,8,0.350622
150,4,0.9800000190734864,8,0.350222
150,2,0.9800000190734864,8,0.345778
150,4,0.9800000190734864,8,0.355289
150,2,0.9800000190734864,8,0.3512
150,4,0.9800000190734864,8,0.352711
150,5,0.9800000190734864,8,0.353511
150,5,0.9800000190734864,8,0.3492
150,3,0.9800000190734864,8,0.361956
150,3,0.9800000190734864,8,0.360756
150,2,0.9800000190734864,8,0.347733
150,4,0.9800000190734864,8,0.361111
150,5,0.9800000190734864,8,0.355556
150,2,0.9800000190734864,8,0.341022
150,5,0.9800000190734864,8,0.354489
150,5,0.9800000190734864,8,0.354756
150,5,0.9800000190734864,8,0.351378
150,2,0.9800000190734864,8,0.359067
150,6,0.9800000190734864,8,0.337778
150,5,0.9800000190734864,8,0.349467
150,3,0.9800000190734864,8,0.361644
150,5,0.9800000190734864,8,0.355822
150,3,0.9800000190734864,8,0.363244
150,4,0.9800000190734864,8,0.363867
150,4,0.9800000190734864,8,0.368978
150,2,0.9800000190734864,8,0.351511
150,4,0.9800000190734864,8,0.355467
150,2,0.9800000190734864,8,0.347644
150,6,0.9800000190734864,8,0.340444
150,3,0.9800000190734864,8,0.353911
150,3,0.9800000190734864,8,0.359511
150,5,0.9800000190734864,8,0.350356
150,3,0.9800000190734864,8,0.363111
150,6,0.9800000190734864,8,0.340044
150,5,0.9800000190734864,8,0.349111
150,2,0.9800000190734864,8,0.341822
150,3,0.9800000190734864,8,0.368978
150,3,0.9800000190734864,8,0.359333
150,5,0.9800000190734864,8,0.345467
150,3,0.9800000190734864,8,0.355689
150,5,0.9800000190734864,8,0.355244
150,4,0.9800000190734864,8,0.351111
150,4,0.9800000190734864,8,0.3564
150,4,0.9800000190734864,8,0.3604
150,5,0.9800000190734864,8,0.355378
150,6,0.9800000190734864,8,0.3368
150,3,0.9800000190734864,8,0.3572
150,6,0.9800000190734864,8,0.343333
150,3,0.9800000190734864,8,0.353022
150,4,0.9800000190734864,8,0.360267
150,2,0.9800000190734864,8,0.340889
150,3,0.9800000190734864,8,0.362044
150,4,0.9800000190734864,8,0.364356
150,4,0.9800000190734864,8,0.355778
150,6,0.9800000190734864,8,0.338489
150,6,0.9800000190734864,8,0.339289
150,6,0.9800000190734864,8,0.340311
150,4,0.9800000190734864,8,0.361156
150,2,0.9800000190734864,8,0.353422
150,3,0.9800000190734864,8,0.352889
150,4,0.9800000190734864,8,0.364533
150,5,0.9800000190734864,8,0.345511
150,2,0.9800000190734864,8,0.356267
150,3,0.9800000190734864,8,0.359378
150,4,0.9800000190734864,8,0.3576
150,6,0.9800000190734864,8,0.342622
150,5,0.9800000190734864,8,0.358578
150,3,0.9800000190734864,8,0.366489
150,4,0.9800000190734864,8,0.355778
150,2,0.9800000190734864,8,0.3488
150,2,0.9800000190734864,8,0.346667
150,2,0.9800000190734864,8,0.349822
150,4,0.9800000190734864,8,0.36
150,5,0.9800000190734864,8,0.346044
150,5,0.9800000190734864,8,0.347244
150,3,0.9800000190734864,8,0.361378
150,5,0.9800000190734864,8,0.348178
150,4,0.9800000190734864,8,0.358889
150,6,0.9800000190734864,8,0.345333
150,6,0.9800000190734864,8,0.339511
150,5,0.9800000190734864,8,0.357156
150,5,0.9800000190734864,8,0.356578
150,3,0.9800000190734864,8,0.360756
150,6,0.9800000190734864,8,0.337867
150,4,0.9800000190734864,8,0.359733
150,6,0.9800000190734864,8,0.347467
150,3,0.9800000190734864,8,0.363956
150,6,0.9800000190734864,8,0.342356
150,5,0.9800000190734864,8,0.353022
150,6,0.9800000190734864,8,0.346044
150,2,0.9800000190734864,8,0.349244
150,4,0.9800000190734864,8,0.353111
150,2,0.9800000190734864,8,0.3472
150,3,0.9800000190734864,8,0.364089
150,3,0.9800000190734864,8,0.366089
150,4,0.9800000190734864,8,0.354222
150,2,0.9800000190734864,8,0.346044
150,2,0.9800000190734864,8,0.350044
150,4,0.9800000190734864,8,0.357022
150,6,0.9800000190734864,8,0.341867
150,5,0.9800000190734864,8,0.350444
150,3,0.9800000190734864,8,0.355956
150,5,0.9800000190734864,8,0.341556
150,6,0.9800000190734864,8,0.342133
150,2,0.9800000190734864,8,0.353467
150,3,0.9800000190734864,8,0.369067
150,2,0.9800000190734864,8,0.357733
150,4,0.9800000190734864,8,0.352978
150,6,0.9800000190734864,8,0.346889
150,6,0.9800000190734864,8,0.336133
150,2,0.9800000190734864,8,0.356356
150,6,0.9800000190734864,8,0.338578
150,4,0.9800000190734864,8,0.354267
150,5,0.9800000190734864,8,0.350978
150,2,0.9800000190734864,8,0.342089
150,5,0.9800000190734864,8,0.354
150,3,0.9800000190734864,8,0.366756
150,4,0.9800000190734864,8,0.360489
150,4,0.9800000190734864,8,0.359956
150,5,0.9800000190734864,8,0.345911
150,2,0.9800000190734864,8,0.343911
150,6,0.9800000190734864,8,0.339289
150,4,0.9800000190734864,8,0.357467
150,5,0.9800000190734864,8,0.351378
150,3,0.9800000190734864,8,0.363422
150,3,0.9800000190734864,8,0.367422
150,6,0.9800000190734864,8,0.341156
150,6,0.9800000190734864,8,0.342844
150,2,0.9800000190734864,8,0.354711
150,4,0.9800000190734864,8,0.356978
150,5,0.9800000190734864,8,0.354622
150,2,0.9800000190734864,8,0.346889
150,2,0.9800000190734864,8,0.358444
150,6,0.9800000190734864,8,0.339333
150,2,0.9800000190734864,8,0.3428
150,3,0.9800000190734864,8,0.359556
150,5,0.9800000190734864,8,0.347733
150,2,0.9800000190734864,8,0.349467
150,3,0.9800000190734864,8,0.365422
150,6,0.9800000190734864,8,0.3356
150,3,0.9800000190734864,8,0.362844
150,3,0.9800000190734864,8,0.355467
150,2,0.9800000190734864,8,0.355333
150,5,0.9800000190734864,8,0.343422
150,3,0.9800000190734864,8,0.368089
150,4,0.9800000190734864,8,0.357733
150,6,0.9800000190734864,8,0.340622
150,3,0.9800000190734864,8,0.367867
150,5,0.9800000190734864,8,0.355511
150,4,0.9800000190734864,8,0.358622
150,5,0.9800000190734864,8,0.346178
150,4,0.9800000190734864,8,0.352133
150,3,0.9800000190734864,8,0.360178
150,4,0.9800000190734864,8,0.362711
150,6,0.9800000190734864,8,0.344311
150,5,0.9800000190734864,8,0.349644
150,5,0.9800000190734864,8,0.351244
150,3,0.9800000190734864,8,0.366933
150,6,0.9800000190734864,8,0.346311
150,6,0.9800000190734864,8,0.345556
150,6,0.9800000190734864,8,0.341333
150,5,0.9800000190734864,8,0.350933
150,4,0.9800000190734864,8,0.349333
150,2,0.9800000190734864,8,0.341022
150,5,0.9800000190734864,8,0.355556
150,4,0.9800000190734864,8,0.349333
150,3,0.9800000190734864,8,0.359822
150,5,0.9800000190734864,8,0.352978
150,5,0.9800000190734864,8,0.346933
150,5,0.9800000190734864,8,0.350222
150,6,0.9800000190734864,8,0.333467
150,3,0.9800000190734864,8,0.360978
150,4,0.9800000190734864,8,0.362267
150,4,0.9800000190734864,8,0.355644
150,2,0.9800000190734864,8,0.3496
150,4,0.9800000190734864,8,0.361156
150,5,0.9800000190734864,8,0.355911
150,4,0.9800000190734864,8,0.356178
150,3,0.9800000190734864,8,0.368222
150,4,0.9800000190734864,8,0.359511
150,2,0.9800000190734864,8,0.353156
150,3,0.9800000190734864,8,0.372
150,3,0.9800000190734864,8,0.364133
150,6,0.9800000190734864,8,0.341511
150,3,0.9800000190734864,8,0.364178
150,2,0.9800000190734864,8,0.339911
150,5,0.9800000190734864,8,0.3508
150,3,0.9800000190734864,8,0.360889
150,6,0.9800000190734864,8,0.347244
150,3,0.9800000190734864,8,0.358489
150,6,0.9800000190734864,8,0.340844
150,2,0.9800000190734864,8,0.342133
150,4,0.9800000190734864,8,0.361778
150,5,0.9800000190734864,8,0.351422
150,6,0.9800000190734864,8,0.342133
150,3,0.9800000190734864,8,0.356267
150,5,0.9800000190734864,8,0.347956
150,3,0.9800000190734864,8,0.364089
150,5,0.9800000190734864,8,0.356089
150,5,0.9800000190734864,8,0.349289
150,5,0.9800000190734864,8,0.346133
150,5,0.9800000190734864,8,0.347644
150,4,0.9800000190734864,8,0.361467
150,2,0.9800000190734864,8,0.344311
150,6,0.9800000190734864,8,0.33
150,4,0.9800000190734864,8,0.356
150,6,0.9800000190734864,8,0.344756
150,2,0.9800000190734864,8,0.351378
150,2,0.9800000190734864,8,0.343956
150,5,0.9800000190734864,8,0.354667
150,3,0.9800000190734864,8,0.358
150,5,0.9800000190734864,8,0.350933
150,6,0.9800000190734864,8,0.344311
150,5,0.9800000190734864,8,0.3496
150,4,0.9800000190734864,8,0.360267
150,5,0.9800000190734864,8,0.342267
150,5,0.9800000190734864,8,0.348933
150,2,0.9800000190734864,8,0.358356
150,2,0.9800000190734864,8,0.351289
150,5,0.9800000190734864,8,0.351644
150,2,0.9800000190734864,8,0.340622
150,6,0.9800000190734864,8,0.340978
150,2,0.9800000190734864,8,0.3344
150,6,0.9800000190734864,8,0.334711
150,4,0.9800000190734864,8,0.354578
150,2,0.9800000190734864,8,0.344933
150,2,0.9800000190734864,8,0.347467
150,4,0.9800000190734864,8,0.362178
150,4,0.9800000190734864,8,0.360222
150,3,0.9800000190734864,8,0.359333
150,6,0.9800000190734864,8,0.349378
150,2,0.9800000190734864,8,0.352933
150,5,0.9800000190734864,8,0.342356
150,3,0.9800000190734864,8,0.360044
150,3,0.9800000190734864,8,0.361956
150,3,0.9800000190734864,8,0.367911
150,4,0.9800000190734864,8,0.360933
150,3,0.9800000190734864,8,0.356
150,5,0.9800000190734864,8,0.351467
150,5,0.9800000190734864,8,0.345911
150,2,0.9800000190734864,8,0.339778
150,4,0.9800000190734864,8,0.353289
150,5,0.9800000190734864,8,0.353956
150,2,0.9800000190734864,8,0.349022
150,3,0.9800000190734864,8,0.365378
150,3,0.9800000190734864,8,0.370178
150,4,0.9800000190734864,8,0.368622
150,3,0.9800000190734864,8,0.361911
150,2,0.9800000190734864,8,0.350133
150,2,0.9800000190734864,8,0.3416
150,4,0.9800000190734864,8,0.362711
150,5,0.9800000190734864,8,0.347867
150,2,0.9800000190734864,8,0.355689
150,3,0.9800000190734864,8,0.356222
150,3,0.9800000190734864,8,0.3612
150,5,0.9800000190734864,8,0.352178
150,3,0.9800000190734864,8,0.358978
150,6,0.9800000190734864,8,0.334178
150,3,0.9800000190734864,8,0.363956
150,6,0.9800000190734864,8,0.339467
150,4,0.9800000190734864,8,0.357289
150,4,0.9800000190734864,8,0.360711
150,2,0.9800000190734864,8,0.357022
150,6,0.9800000190734864,8,0.342844
150,4,0.9800000190734864,8,0.351644
150,2,0.9800000190734864,8,0.361111
150,3,0.9800000190734864,8,0.365911
150,5,0.9800000190734864,8,0.359333
150,2,0.9800000190734864,8,0.349556
150,6,0.9800000190734864,8,0.337467
150,5,0.9800000190734864,8,0.349333
150,6,0.9800000190734864,8,0.338578
150,5,0.9800000190734864,8,0.354178
150,6,0.9800000190734864,8,0.340133
150,3,0.9800000190734864,8,0.358711
150,6,0.9800000190734864,8,0.335689
150,3,0.9800000190734864,8,0.364978
150,2,0.9800000190734864,8,0.345511
150,5,0.9800000190734864,8,0.352978
150,5,0.9800000190734864,8,0.3504
150,4,0.9800000190734864,8,0.357778
150,2,0.9800000190734864,8,0.342356
150,3,0.9800000190734864,8,0.3612
150,3,0.9800000190734864,8,0.362044
150,2,0.9800000190734864,8,0.345911
150,4,0.9800000190734864,8,0.356978
150,6,0.9800000190734864,8,0.343644
150,6,0.9800000190734864,8,0.343689
150,6,0.9800000190734864,8,0.344667
150,6,0.9800000190734864,8,0.344267
150,2,0.9800000190734864,8,0.354356
150,2,0.9800000190734864,8,0.352
150,6,0.9800000190734864,8,0.342667
150,6,0.9800000190734864,8,0.345289
150,2,0.9800000190734864,8,0.348978
150,3,0.9800000190734864,8,0.361111
150,4,0.9800000190734864,8,0.356578
150,6,0.9800000190734864,8,0.342444
150,3,0.9800000190734864,8,0.364044
150,3,0.9800000190734864,8,0.355822
150,5,0.9800000190734864,8,0.348089
150,2,0.9800000190734864,8,0.350489
150,3,0.9800000190734864,8,0.360667
150,3,0.9800000190734864,8,0.367244
150,6,0.9800000190734864,8,0.344489
150,3,0.9800000190734864,8,0.365156
150,2,0.9800000190734864,8,0.345822
150,5,0.9800000190734864,8,0.354933
150,6,0.9800000190734864,8,0.3424
150,4,0.9800000190734864,8,0.349156
150,2,0.9800000190734864,8,0.347822
150,5,0.9800000190734864,8,0.350489
150,5,0.9800000190734864,8,0.354489
150,3,0.9800000190734864,8,0.3692
150,4,0.9800000190734864,8,0.3648
150,2,0.9800000190734864,8,0.345378
150,3,0.9800000190734864,8,0.356933
150,2,0.9800000190734864,8,0.347556
150,5,0.9800000190734864,8,0.359067
150,2,0.9800000190734864,8,0.349111
150,6,0.9800000190734864,8,0.339556
150,4,0.9800000190734864,8,0.359422
150,5,0.9800000190734864,8,0.347556
150,3,0.9800000190734864,8,0.364578
150,2,0.9800000190734864,8,0.342889
150,6,0.9800000190734864,8,0.348711
150,2,0.9800000190734864,8,0.357422
150,2,0.9800000190734864,8,0.352311
150,2,0.9800000190734864,8,0.351244
150,4,0.9800000190734864,8,0.3556
150,3,0.9800000190734864,8,0.355733
150,4,0.9800000190734864,8,0.358222
150,4,0.9800000190734864,8,0.361378
150,5,0.9800000190734864,8,0.3504
150,5,0.9800000190734864,8,0.349822
150,4,0.9800000190734864,8,0.354889
150,6,0.9800000190734864,8,0.344311
150,6,0.9800000190734864,8,0.337289
150,5,0.9800000190734864,8,0.352756
150,3,0.9800000190734864,8,0.356489
150,6,0.9800000190734864,8,0.343911
150,2,0.9800000190734864,8,0.339289
150,5,0.9800000190734864,8,0.348667
150,2,0.9800000190734864,8,0.356622
150,6,0.9800000190734864,8,0.345867
150,6,0.9800000190734864,8,0.338844
150,3,0.9800000190734864,8,0.364356
150,3,0.9800000190734864,8,0.364178
150,3,0.9800000190734864,8,0.363511
150,4,0.9800000190734864,8,0.363422
150,3,0.9800000190734864,8,0.362
150,5,0.9800000190734864,8,0.344889
150,2,0.9800000190734864,8,0.343867
150,3,0.9800000190734864,8,0.358089
150,5,0.9800000190734864,8,0.3576
150,4,0.9800000190734864,8,0.360356
150,3,0.9800000190734864,8,0.355156
150,6,0.9800000190734864,8,0.3424
150,5,0.9800000190734864,8,0.348489
150,5,0.9800000190734864,8,0.350844
150,4,0.9800000190734864,8,0.343244
150,4,0.9800000190734864,8,0.354756
150,5,0.9800000190734864,8,0.344311
150,5,0.9800000190734864,8,0.351511
150,4,0.9800000190734864,8,0.357556
150,2,0.9800000190734864,8,0.348267
150,3,0.9800000190734864,8,0.3628
150,6,0.9800000190734864,8,0.345511
150,6,0.9800000190734864,8,0.338222
150,5,0.9800000190734864,8,0.353822
150,2,0.9800000190734864,8,0.347156
150,5,0.9800000190734864,8,0.350933
150,5,0.9800000190734864,8,0.356356
150,4,0.9800000190734864,8,0.357644
150,4,0.9800000190734864,8,0.359378
150,4,0.9800000190734864,8,0.362578
150,5,0.9800000190734864,8,0.351022
150,2,0.9800000190734864,8,0.336756
150,3,0.9800000190734864,8,0.356356
150,3,0.9800000190734864,8,0.354622
150,2,0.9800000190734864,8,0.345556
150,3,0.9800000190734864,8,0.363778
150,4,0.9800000190734864,8,0.366844
150,3,0.9800000190734864,8,0.360444
150,5,0.9800000190734864,8,0.343867
150,4,0.9800000190734864,8,0.358756
150,3,0.9800000190734864,8,0.361244
150,4,0.9800000190734864,8,0.352933
150,3,0.9800000190734864,8,0.359378
150,2,0.9800000190734864,8,0.346
150,2,0.9800000190734864,8,0.350444
150,6,0.9800000190734864,8,0.342933
150,4,0.9800000190734864,8,0.3608
150,6,0.9800000190734864,8,0.340978
150,2,0.9800000190734864,8,0.344667
150,5,0.9800000190734864,8,0.355556
150,6,0.9800000190734864,8,0.347067
150,2,0.9800000190734864,8,0.347644
150,6,0.9800000190734864,8,0.336178
150,2,0.9800000190734864,8,0.342222
150,3,0.9800000190734864,8,0.357467
150,6,0.9800000190734864,8,0.3404
150,4,0.9800000190734864,8,0.361822
150,6,0.9800000190734864,8,0.335778
150,4,0.9800000190734864,8,0.363022
150,2,0.9800000190734864,8,0.354178
150,2,0.9800000190734864,8,0.343822
150,6,0.9800000190734864,8,0.344089
150,4,0.9800000190734864,8,0.359156
150,2,0.9800000190734864,8,0.341822
150,6,0.9800000190734864,8,0.338844
150,6,0.9800000190734864,8,0.338711
150,3,0.9800000190734864,8,0.358667
150,5,0.9800000190734864,8,0.353911
150,5,0.9800000190734864,8,0.346578
150,2,0.9800000190734864,8,0.351511
150,6,0.9800000190734864,8,0.340622
150,3,0.9800000190734864,8,0.362178
150,3,0.9800000190734864,8,0.359156
150,2,0.9800000190734864,8,0.340933
150,4,0.9800000190734864,8,0.357911
150,5,0.9800000190734864,8,0.351867
150,2,0.9800000190734864,8,0.336
150,3,0.9800000190734864,8,0.362356
150,2,0.9800000190734864,8,0.352978
150,2,0.9800000190734864,8,0.347733
150,3,0.9800000190734864,8,0.363556
150,5,0.9800000190734864,8,0.348889
150,3,0.9800000190734864,8,0.357111
150,4,0.9800000190734864,8,0.358133
150,5,0.9800000190734864,8,0.347778
150,2,0.9800000190734864,8,0.348622
150,2,0.9800000190734864,8,0.339378
150,6,0.9800000190734864,8,0.340489
150,6,0.9800000190734864,8,0.339733
150,4,0.9800000190734864,8,0.357911
150,3,0.9800000190734864,8,0.371067
150,2,0.9800000190734864,8,0.353956
150,6,0.9800000190734864,8,0.342489
150,3,0.9800000190734864,8,0.358311
150,2,0.9800000190734864,8,0.344267
150,4,0.9800000190734864,8,0.356311
150,6,0.9800000190734864,8,0.340489
150,3,0.9800000190734864,8,0.358978
150,2,0.9800000190734864,8,0.358889
150,6,0.9800000190734864,8,0.336356
150,6,0.9800000190734864,8,0.341778
150,4,0.9800000190734864,8,0.354889
150,6,0.9800000190734864,8,0.349822
150,2,0.9800000190734864,8,0.352889
150,5,0.9800000190734864,8,0.350933
150,2,0.9800000190734864,8,0.3544
150,6,0.9800000190734864,8,0.345422
150,6,0.9800000190734864,8,0.341156
150,3,0.9800000190734864,8,0.363289
150,4,0.9800000190734864,8,0.356844
150,4,0.9800000190734864,8,0.3584
150,6,0.9800000190734864,8,0.344622
150,4,0.9800000190734864,8,0.3648
150,4,0.9800000190734864,8,0.360311
150,3,0.9800000190734864,8,0.367022
150,6,0.9800000190734864,8,0.342756
150,3,0.9800000190734864,8,0.362578
150,5,0.9800000190734864,8,0.344222
150,4,0.9800000190734864,8,0.359867
150,6,0.9800000190734864,8,0.344667
150,6,0.9800000190734864,8,0.337556
150,2,0.9800000190734864,8,0.344044
150,6,0.9800000190734864,8,0.340578
150,2,0.9800000190734864,8,0.359333
150,4,0.9800000190734864,8,0.360933
150,5,0.9800000190734864,8,0.355911
150,6,0.9800000190734864,8,0.339867
150,5,0.9800000190734864,8,0.352667
150,3,0.9800000190734864,8,0.3564
150,3,0.9800000190734864,8,0.364356
150,6,0.9800000190734864,8,0.346133
150,2,0.9800000190734864,8,0.349822
150,6,0.9800000190734864,8,0.343911
150,6,0.9800000190734864,8,0.340222
150,5,0.9800000190734864,8,0.353111
150,5,0.9800000190734864,8,0.350622
150,3,0.9800000190734864,8,0.357733
150,3,0.9800000190734864,8,0.365333
150,5,0.9800000190734864,8,0.3464
150,2,0.9800000190734864,8,0.351822
150,3,0.9800000190734864,8,0.356311
150,6,0.9800000190734864,8,0.339689
150,5,0.9800000190734864,8,0.351467
150,3,0.9800000190734864,8,0.364533
150,5,0.9800000190734864,8,0.344133
150,3,0.9800000190734864,8,0.369289
150,4,0.9800000190734864,8,0.354622
150,6,0.9800000190734864,8,0.339467
150,2,0.9800000190734864,8,0.348756
150,4,0.9800000190734864,8,0.354978
150,6,0.9800000190734864,8,0.330222
150,5,0.9800000190734864,8,0.348044
150,2,0.9800000190734864,8,0.349111
150,3,0.9800000190734864,8,0.363422
150,6,0.9800000190734864,8,0.346044
150,4,0.9800000190734864,8,0.357511
150,6,0.9800000190734864,8,0.337067
150,3,0.9800000190734864,8,0.3568
150,6,0.9800000190734864,8,0.344089
150,6,0.9800000190734864,8,0.344356
150,6,0.9800000190734864,8,0.3432
150,6,0.9800000190734864,8,0.342578
150,5,0.9800000190734864,8,0.345733
150,5,0.9800000190734864,8,0.359067
150,5,0.9800000190734864,8,0.345956
150,4,0.9800000190734864,8,0.354
150,6,0.9800000190734864,8,0.346711
150,6,0.9800000190734864,8,0.339378
150,6,0.9800000190734864,8,0.342756
150,4,0.9800000190734864,8,0.356667
150,3,0.9800000190734864,8,0.363733
150,2,0.9800000190734864,8,0.354089
150,6,0.9800000190734864,8,0.345511
150,4,0.9800000190734864,8,0.350444
150,4,0.9800000190734864,8,0.352533
150,5,0.9800000190734864,8,0.352844
150,3,0.9800000190734864,8,0.357022
150,4,0.9800000190734864,8,0.350711
150,2,0.9800000190734864,8,0.3444
150,6,0.9800000190734864,8,0.341689
150,5,0.9800000190734864,8,0.351289
150,4,0.9800000190734864,8,0.358844
150,4,0.9800000190734864,8,0.360356
150,6,0.9800000190734864,8,0.345111
150,5,0.9800000190734864,8,0.348622
150,4,0.9800000190734864,8,0.362222
150,4,0.9800000190734864,8,0.3592
150,3,0.9800000190734864,8,0.362267
150,2,0.9800000190734864,8,0.340222
150,6,0.9800000190734864,8,0.345467
150,2,0.9800000190734864,8,0.3388
150,3,0.9800000190734864,8,0.360578
150,5,0.9800000190734864,8,0.351956
150,6,0.9800000190734864,8,0.3448
150,2,0.9800000190734864,8,0.343911
150,4,0.9800000190734864,8,0.353244
150,2,0.9800000190734864,8,0.349333
150,6,0.9800000190734864,8,0.344
150,2,0.9800000190734864,8,0.349422
150,6,0.9800000190734864,8,0.335378
150,3,0.9800000190734864,8,0.353422
150,2,0.9800000190734864,8,0.3504
150,6,0.9800000190734864,8,0.341556
150,3,0.9800000190734864,8,0.365556
150,3,0.9800000190734864,8,0.359244
150,3,0.9800000190734864,8,0.365156
150,3,0.9800000190734864,8,0.355067
150,4,0.9800000190734864,8,0.359956
150,2,0.9800000190734864,8,0.344222
150,2,0.9800000190734864,8,0.354711
150,2,0.9800000190734864,8,0.348933
150,3,0.9800000190734864,8,0.354133
150,4,0.9800000190734864,8,0.359511
150,3,0.9800000190734864,8,0.363644
150,3,0.9800000190734864,8,0.360978
150,4,0.9800000190734864,8,0.352089
150,6,0.9800000190734864,8,0.336178
150,2,0.9800000190734864,8,0.355333
150,2,0.9800000190734864,8,0.356222
150,5,0.9800000190734864,8,0.349644
150,3,0.9800000190734864,8,0.363378
150,2,0.9800000190734864,8,0.344978
150,5,0.9800000190734864,8,0.353111
150,6,0.9800000190734864,8,0.337689
150,4,0.9800000190734864,8,0.365333
150,3,0.9800000190734864,8,0.361689
150,3,0.9800000190734864,8,0.366089
150,4,0.9800000190734864,8,0.354222
150,4,0.9800000190734864,8,0.358222
150,2,0.9800000190734864,8,0.352044
150,5,0.9800000190734864,8,0.344444
150,6,0.9800000190734864,8,0.340667
150,4,0.9800000190734864,8,0.354711
150,6,0.9800000190734864,8,0.3412
150,6,0.9800000190734864,8,0.337644
150,4,0.9800000190734864,8,0.363556
150,3,0.9800000190734864,8,0.359289
150,3,0.9800000190734864,8,0.357111
150,6,0.9800000190734864,8,0.339022
150,6,0.9800000190734864,8,0.3376
150,3,0.9800000190734864,8,0.363067
150,3,0.9800000190734864,8,0.359378
150,6,0.9800000190734864,8,0.343644
150,5,0.9800000190734864,8,0.355556
150,5,0.9800000190734864,8,0.353244
150,6,0.9800000190734864,8,0.340978
150,4,0.9800000190734864,8,0.358089
150,5,0.9800000190734864,8,0.352756
150,3,0.9800000190734864,8,0.358533
150,3,0.9800000190734864,8,0.357556
150,4,0.9800000190734864,8,0.362089
150,4,0.9800000190734864,8,0.359333
150,3,0.9800000190734864,8,0.362533
150,6,0.9800000190734864,8,0.338222
150,6,0.9800000190734864,8,0.343422
150,3,0.9800000190734864,8,0.368444
150,4,0.9800000190734864,8,0.359067
150,2,0.9800000190734864,8,0.352844
150,5,0.9800000190734864,8,0.351778
150,3,0.9800000190734864,8,0.360711
150,3,0.9800000190734864,8,0.371333
150,4,0.9800000190734864,8,0.358311
150,5,0.9800000190734864,8,0.3492
150,5,0.9800000190734864,8,0.3476
150,4,0.9800000190734864,8,0.359067
150,4,0.9800000190734864,8,0.349244
150,6,0.9800000190734864,8,0.339511
150,6,0.9800000190734864,8,0.340222
150,2,0.9800000190734864,8,0.349644
150,6,0.9800000190734864,8,0.339956
150,5,0.9800000190734864,8,0.344444
150,2,0.9800000190734864,8,0.356978
150,5,0.9800000190734864,8,0.3548
150,6,0.9800000190734864,8,0.344
150,4,0.9800000190734864,8,0.370533
150,3,0.9800000190734864,8,0.364622
150,4,0.9800000190734864,8,0.357556
150,5,0.9800000190734864,8,0.347778
150,5,0.9800000190734864,8,0.348444
150,3,0.9800000190734864,8,0.364578
150,6,0.9800000190734864,8,0.344533
150,5,0.9800000190734864,8,0.351467
150,2,0.9800000190734864,8,0.349822
150,2,0.9800000190734864,8,0.356089
150,2,0.9800000190734864,8,0.349333
150,4,0.9800000190734864,8,0.356933
150,2,0.9800000190734864,8,0.346489
150,2,0.9800000190734864,8,0.346756
150,3,0.9800000190734864,8,0.371111
150,5,0.9800000190734864,8,0.362889
150,2,0.9800000190734864,8,0.341911
150,6,0.9800000190734864,8,0.342222
150,6,0.9800000190734864,8,0.339511
150,5,0.9800000190734864,8,0.360311
150,3,0.9800000190734864,8,0.361956
150,6,0.9800000190734864,8,0.341022
150,6,0.9800000190734864,8,0.334711
150,6,0.9800000190734864,8,0.340133
150,6,0.9800000190734864,8,0.338756
150,5,0.9800000190734864,8,0.358533
150,5,0.9800000190734864,8,0.353689
150,2,0.9800000190734864,8,0.343511
150,4,0.9800000190734864,8,0.360444
150,5,0.9800000190734864,8,0.349778
150,6,0.9800000190734864,8,0.3404
150,3,0.9800000190734864,8,0.371022
150,5,0.9800000190734864,8,0.349422
150,3,0.9800000190734864,8,0.352844
150,2,0.9800000190734864,8,0.3536
150,6,0.9800000190734864,8,0.342311
150,6,0.9800000190734864,8,0.340044
150,2,0.9800000190734864,8,0.3528
150,4,0.9800000190734864,8,0.362711
150,6,0.9800000190734864,8,0.339956
150,4,0.9800000190734864,8,0.357244
150,5,0.9800000190734864,8,0.344844
150,4,0.9800000190734864,8,0.359422
150,6,0.9800000190734864,8,0.342178
150,2,0.9800000190734864,8,0.349467
150,6,0.9800000190734864,8,0.339822
150,4,0.9800000190734864,8,0.357244
150,5,0.9800000190734864,8,0.349867
150,2,0.9800000190734864,8,0.354
150,3,0.9800000190734864,8,0.361644
150,4,0.9800000190734864,8,0.355911
150,3,0.9800000190734864,8,0.356756
150,2,0.9800000190734864,8,0.348933
150,5,0.9800000190734864,8,0.349333
150,6,0.9800000190734864,8,0.336978
150,4,0.9800000190734864,8,0.363422
150,2,0.9800000190734864,8,0.356089
150,4,0.9800000190734864,8,0.353511
150,6,0.9800000190734864,8,0.341911
150,4,0.9800000190734864,8,0.356311
150,4,0.9800000190734864,8,0.356178
150,5,0.9800000190734864,8,0.353689
150,6,0.9800000190734864,8,0.335422
150,6,0.9800000190734864,8,0.344133
150,5,0.9800000190734864,8,0.341022
150,5,0.9800000190734864,8,0.348533
150,6,0.9800000190734864,8,0.343333
150,5,0.9800000190734864,8,0.347956
150,2,0.9800000190734864,8,0.333244
150,3,0.9800000190734864,8,0.367333
150,6,0.9800000190734864,8,0.341556
150,6,0.9800000190734864,8,0.344133
150,2,0.9800000190734864,8,0.353644
150,4,0.9800000190734864,8,0.367333
150,3,0.9800000190734864,8,0.360978
150,2,0.9800000190734864,8,0.351689
150,4,0.9800000190734864,8,0.355556
150,6,0.9800000190734864,8,0.344667
150,5,0.9800000190734864,8,0.35
150,4,0.9800000190734864,8,0.356356
150,3,0.9800000190734864,8,0.365556
150,6,0.9800000190734864,8,0.338756
150,3,0.9800000190734864,8,0.361422
150,6,0.9800000190734864,8,0.337333
150,5,0.9800000190734864,8,0.353867
150,3,0.9800000190734864,8,0.361867
150,2,0.9800000190734864,8,0.348444
150,4,0.9800000190734864,8,0.359822
150,4,0.9800000190734864,8,0.362756
150,3,0.9800000190734864,8,0.361289
150,5,0.9800000190734864,8,0.350133
150,3,0.9800000190734864,8,0.360667
150,6,0.9800000190734864,8,0.3404
150,5,0.9800000190734864,8,0.349911
150,2,0.9800000190734864,8,0.3456
150,4,0.9800000190734864,8,0.356756
150,4,0.9800000190734864,8,0.362044
150,3,0.9800000190734864,8,0.363378
150,3,0.9800000190734864,8,0.367822
150,5,0.9800000190734864,8,0.355422
150,2,0.9800000190734864,8,0.349067
150,6,0.9800000190734864,8,0.342622
150,6,0.9800000190734864,8,0.341956
150,5,0.9800000190734864,8,0.349556
150,3,0.9800000190734864,8,0.364089
150,6,0.9800000190734864,8,0.336356
150,3,0.9800000190734864,8,0.354667
150,6,0.9800000190734864,8,0.346444
150,6,0.9800000190734864,8,0.347911
150,3,0.9800000190734864,8,0.360044
150,6,0.9800000190734864,8,0.346844
150,2,0.9800000190734864,8,0.347956
150,6,0.9800000190734864,8,0.3404
150,6,0.9800000190734864,8,0.336444
150,2,0.9800000190734864,8,0.350222
150,2,0.9800000190734864,8,0.353244
150,6,0.9800000190734864,8,0.340756
150,6,0.9800000190734864,8,0.34
150,3,0.9800000190734864,8,0.371422
150,6,0.9800000190734864,8,0.34
150,6,0.9800000190734864,8,0.343067
150,2,0.9800000190734864,8,0.348489
150,3,0.9800000190734864,8,0.364667
150,4,0.9800000190734864,8,0.357867
150,2,0.9800000190734864,8,0.346844
150,4,0.9800000190734864,8,0.367556
150,3,0.9800000190734864,8,0.3548
150,3,0.9800000190734864,8,0.3572
150,3,0.9800000190734864,8,0.362533
150,2,0.9800000190734864,8,0.344489
150,2,0.9800000190734864,8,0.351511
150,5,0.9800000190734864,8,0.353022
150,2,0.9800000190734864,8,0.355556
150,4,0.9800000190734864,8,0.3484
150,2,0.9800000190734864,8,0.350889
150,6,0.9800000190734864,8,0.342444
150,3,0.9800000190734864,8,0.356356
150,3,0.9800000190734864,8,0.366889
150,4,0.9800000190734864,8,0.363422
150,5,0.9800000190734864,8,0.347733
150,4,0.9800000190734864,8,0.355822
150,5,0.9800000190734864,8,0.353511
150,2,0.9800000190734864,8,0.348711
150,2,0.9800000190734864,8,0.357778
150,5,0.9800000190734864,8,0.346889
150,2,0.9800000190734864,8,0.340711
150,2,0.9800000190734864,8,0.345333
150,5,0.9800000190734864,8,0.345467
150,2,0.9800000190734864,8,0.341867
150,2,0.9800000190734864,8,0.354622
150,6,0.9800000190734864,8,0.347378
150,3,0.9800000190734864,8,0.354044
150,3,0.9800000190734864,8,0.367289
150,3,0.9800000190734864,8,0.365867
150,3,0.9800000190734864,8,0.35
150,2,0.9800000190734864,8,0.348133
150,3,0.9800000190734864,8,0.361956
150,6,0.9800000190734864,8,0.343733
150,6,0.9800000190734864,8,0.332
150,2,0.9800000190734864,8,0.345689
150,3,0.9800000190734864,8,0.375689
150,5,0.9800000190734864,8,0.350133
150,4,0.9800000190734864,8,0.361644
150,5,0.9800000190734864,8,0.349644
150,6,0.9800000190734864,8,0.341911
150,4,0.9800000190734864,8,0.366178
150,3,0.9800000190734864,8,0.365378
150,2,0.9800000190734864,8,0.350222
150,5,0.9800000190734864,8,0.353244
150,6,0.9800000190734864,8,0.348222
150,5,0.9800000190734864,8,0.353956
150,6,0.9800000190734864,8,0.3488
150,5,0.9800000190734864,8,0.348089
150,6,0.9800000190734864,8,0.340889
150,4,0.9800000190734864,8,0.365867
150,6,0.9800000190734864,8,0.34
150,3,0.9800000190734864,8,0.366711
150,2,0.9800000190734864,8,0.353689
150,2,0.9800000190734864,8,0.349556
150,5,0.9800000190734864,8,0.352356
150,6,0.9800000190734864,8,0.3448
150,2,0.9800000190734864,8,0.347289
150,2,0.9800000190734864,8,0.360133
150,6,0.9800000190734864,8,0.3432
150,5,0.9800000190734864,8,0.346889
150,5,0.9800000190734864,8,0.353156
150,5,0.9800000190734864,8,0.3512
150,2,0.9800000190734864,8,0.354133
150,5,0.9800000190734864,8,0.355378
150,2,0.9800000190734864,8,0.344311
150,3,0.9800000190734864,8,0.360044
150,5,0.9800000190734864,8,0.353289
150,4,0.9800000190734864,8,0.3576
150,5,0.9800000190734864,8,0.354178
150,4,0.9800000190734864,8,0.356978
150,3,0.9800000190734864,8,0.362933
150,2,0.9800000190734864,8,0.349378
150,4,0.9800000190734864,8,0.358711
150,5,0.9800000190734864,8,0.354533
150,4,0.9800000190734864,8,0.359289
150,6,0.9800000190734864,8,0.3408
150,4,0.9800000190734864,8,0.364133
150,6,0.9800000190734864,8,0.345867
150,5,0.9800000190734864,8,0.344978
150,6,0.9800000190734864,8,0.341911
150,6,0.9800000190734864,8,0.343244
150,5,0.9800000190734864,8,0.352978
150,6,0.9800000190734864,8,0.344222
150,6,0.9800000190734864,8,0.345067
150,3,0.9800000190734864,8,0.366844
150,6,0.9800000190734864,8,0.346533
150,4,0.9800000190734864,8,0.3588
150,2,0.9800000190734864,8,0.354978
150,6,0.9800000190734864,8,0.347867
150,5,0.9800000190734864,8,0.342444
150,5,0.9800000190734864,8,0.3524
150,2,0.9800000190734864,8,0.349467
150,5,0.9800000190734864,8,0.355378
150,2,0.9800000190734864,8,0.345111
150,3,0.9800000190734864,8,0.354533
150,4,0.9800000190734864,8,0.350178
150,5,0.9800000190734864,8,0.345244
150,5,0.9800000190734864,8,0.348756
150,3,0.9800000190734864,8,0.361333
150,2,0.9800000190734864,8,0.349689
150,5,0.9800000190734864,8,0.353333
150,4,0.9800000190734864,8,0.354711
150,2,0.9800000190734864,8,0.352178
150,2,0.9800000190734864,8,0.356089
150,6,0.9800000190734864,8,0.338178
150,2,0.9800000190734864,8,0.352133
150,6,0.9800000190734864,8,0.345111
150,6,0.9800000190734864,8,0.340489
150,2,0.9800000190734864,8,0.354356
150,3,0.9800000190734864,8,0.366222
150,5,0.9800000190734864,8,0.348933
150,5,0.9800000190734864,8,0.349644
150,4,0.9800000190734864,8,0.363733
150,3,0.9800000190734864,8,0.3596
150,4,0.9800000190734864,8,0.3644
150,2,0.9800000190734864,8,0.348356
150,5,0.9800000190734864,8,0.3512
150,4,0.9800000190734864,8,0.357511
150,4,0.9800000190734864,8,0.354844
150,2,0.9800000190734864,8,0.358
150,5,0.9800000190734864,8,0.351111
150,2,0.9800000190734864,8,0.342178
150,5,0.9800000190734864,8,0.352978
150,5,0.9800000190734864,8,0.351511
150,5,0.9800000190734864,8,0.349689
150,3,0.9800000190734864,8,0.364978
150,3,0.9800000190734864,8,0.349333
150,5,0.9800000190734864,8,0.356978
150,4,0.9800000190734864,8,0.3516
150,6,0.9800000190734864,8,0.342444
150,3,0.9800000190734864,8,0.3712
150,6,0.9800000190734864,8,0.339733
150,3,0.9800000190734864,8,0.364444
150,6,0.9800000190734864,8,0.343422
150,4,0.9800000190734864,8,0.358489
150,6,0.9800000190734864,8,0.346
150,4,0.9800000190734864,8,0.359156
150,2,0.9800000190734864,8,0.348133
150,3,0.9800000190734864,8,0.359111
150,5,0.9800000190734864,8,0.345556
150,3,0.9800000190734864,8,0.358933
150,2,0.9800000190734864,8,0.3512
150,6,0.9800000190734864,8,0.348889
150,4,0.9800000190734864,8,0.357333
150,6,0.9800000190734864,8,0.3416
150,3,0.9800000190734864,8,0.363867
150,4,0.9800000190734864,8,0.356489
150,3,0.9800000190734864,8,0.360978
150,6,0.9800000190734864,8,0.341556
150,3,0.9800000190734864,8,0.362
150,3,0.9800000190734864,8,0.357644
150,2,0.9800000190734864,8,0.350622
150,2,0.9800000190734864,8,0.350089
150,5,0.9800000190734864,8,0.345289
150,3,0.9800000190734864,8,0.363556
150,2,0.9800000190734864,8,0.342933
150,6,0.9800000190734864,8,0.342533
150,2,0.9800000190734864,8,0.337822
150,5,0.9800000190734864,8,0.354622
150,3,0.9800000190734864,8,0.360489
150,6,0.9800000190734864,8,0.341111
150,6,0.9800000190734864,8,0.337333
150,2,0.9800000190734864,8,0.349911
150,5,0.9800000190734864,8,0.354489
150,5,0.9800000190734864,8,0.353689
150,6,0.9800000190734864,8,0.342222
150,4,0.9800000190734864,8,0.360889
150,3,0.9800000190734864,8,0.364178
150,6,0.9800000190734864,8,0.338133
150,5,0.9800000190734864,8,0.344844
150,4,0.9800000190734864,8,0.359333
150,3,0.9800000190734864,8,0.357911
150,4,0.9800000190734864,8,0.350844
150,2,0.9800000190734864,8,0.357289
150,3,0.9800000190734864,8,0.353289
150,5,0.9800000190734864,8,0.347911
150,6,0.9800000190734864,8,0.338533
150,3,0.9800000190734864,8,0.359644
150,3,0.9800000190734864,8,0.353778
150,2,0.9800000190734864,8,0.3532
150,5,0.9800000190734864,8,0.354356
150,5,0.9800000190734864,8,0.3508
150,6,0.9800000190734864,8,0.343956
150,2,0.9800000190734864,8,0.343689
150,3,0.9800000190734864,8,0.358533
150,6,0.9800000190734864,8,0.331467
150,6,0.9800000190734864,8,0.345422
150,2,0.9800000190734864,8,0.349022
150,2,0.9800000190734864,8,0.351956
150,4,0.9800000190734864,8,0.354489
150,5,0.9800000190734864,8,0.356667
150,2,0.9800000190734864,8,0.342089
150,4,0.9800000190734864,8,0.353333
150,2,0.9800000190734864,8,0.353511
150,6,0.9800000190734864,8,0.332044
150,5,0.9800000190734864,8,0.3576
150,2,0.9800000190734864,8,0.344978
150,5,0.9800000190734864,8,0.349778
150,3,0.9800000190734864,8,0.351022
150,4,0.9800000190734864,8,0.362933
150,5,0.9800000190734864,8,0.353333
150,5,0.9800000190734864,8,0.349156
150,4,0.9800000190734864,8,0.360267
150,2,0.9800000190734864,8,0.355689
150,5,0.9800000190734864,8,0.356844
150,5,0.9800000190734864,8,0.346578
150,4,0.9800000190734864,8,0.354222
150,6,0.9800000190734864,8,0.337111
150,3,0.9800000190734864,8,0.360844
150,5,0.9800000190734864,8,0.352622
150,6,0.9800000190734864,8,0.344222
150,2,0.9800000190734864,8,0.345867
150,2,0.9800000190734864,8,0.356933
150,6,0.9800000190734864,8,0.339689
150,4,0.9800000190734864,8,0.358089
150,6,0.9800000190734864,8,0.343867
150,2,0.9800000190734864,8,0.351244
150,2,0.9800000190734864,8,0.345467
150,3,0.9800000190734864,8,0.370044
150,5,0.9800000190734864,8,0.355378
150,2,0.9800000190734864,8,0.340667
150,4,0.9800000190734864,8,0.354756
150,3,0.9800000190734864,8,0.353867
150,6,0.9800000190734864,8,0.339111
150,4,0.9800000190734864,8,0.364178
150,6,0.9800000190734864,8,0.344133
150,4,0.9800000190734864,8,0.359511
150,2,0.9800000190734864,8,0.355289
150,6,0.9800000190734864,8,0.341911
150,5,0.9800000190734864,8,0.357467
150,2,0.9800000190734864,8,0.350222
150,2,0.9800000190734864,8,0.3452
150,4,0.9800000190734864,8,0.355511
150,4,0.9800000190734864,8,0.353289
150,2,0.9800000190734864,8,0.343244
150,6,0.9800000190734864,8,0.344089
150,3,0.9800000190734864,8,0.363156
150,2,0.9800000190734864,8,0.344356
150,3,0.9800000190734864,8,0.362667
150,6,0.9800000190734864,8,0.340133
150,5,0.9800000190734864,8,0.356356
150,4,0.9800000190734864,8,0.354
150,6,0.9800000190734864,8,0.347156
150,6,0.9800000190734864,8,0.339511
150,2,0.9800000190734864,8,0.3384
150,2,0.9800000190734864,8,0.348756
150,3,0.9800000190734864,8,0.361244
150,4,0.9800000190734864,8,0.364044
150,4,0.9800000190734864,8,0.347822
150,3,0.9800000190734864,8,0.362089
150,6,0.9800000190734864,8,0.342889
150,4,0.9800000190734864,8,0.353422
150,2,0.9800000190734864,8,0.357333
150,5,0.9800000190734864,8,0.349022
150,3,0.9800000190734864,8,0.356622
150,4,0.9800000190734864,8,0.353867
150,2,0.9800000190734864,8,0.350356
150,2,0.9800000190734864,8,0.3448
150,6,0.9800000190734864,8,0.332889
150,2,0.9800000190734864,8,0.349333
150,5,0.9800000190734864,8,0.354222
150,2,0.9800000190734864,8,0.346756
150,3,0.9800000190734864,8,0.357378
150,2,0.9800000190734864,8,0.345067
150,4,0.9800000190734864,8,0.3608
150,6,0.9800000190734864,8,0.3476
150,5,0.9800000190734864,8,0.345511
150,3,0.9800000190734864,8,0.3632
150,4,0.9800000190734864,8,0.361644
150,6,0.9800000190734864,8,0.35
150,6,0.9800000190734864,8,0.349111
150,6,0.9800000190734864,8,0.335156
150,2,0.9800000190734864,8,0.3436
150,4,0.9800000190734864,8,0.362311
150,3,0.9800000190734864,8,0.370222
150,4,0.9800000190734864,8,0.3636
150,3,0.9800000190734864,8,0.359556
150,4,0.9800000190734864,8,0.359511
150,2,0.9800000190734864,8,0.346933
150,6,0.9800000190734864,8,0.341422
150,3,0.9800000190734864,8,0.3616
150,6,0.9800000190734864,8,0.338889
150,6,0.9800000190734864,8,0.336311
150,6,0.9800000190734864,8,0.345289
150,4,0.9800000190734864,8,0.357244
150,4,0.9800000190734864,8,0.356578
150,4,0.9800000190734864,8,0.36
150,4,0.9800000190734864,8,0.36
150,2,0.9800000190734864,8,0.353511
150,2,0.9800000190734864,8,0.348
150,6,0.9800000190734864,8,0.340711
150,2,0.9800000190734864,8,0.349333
150,2,0.9800000190734864,8,0.340089
150,6,0.9800000190734864,8,0.339511
150,2,0.9800000190734864,8,0.350356
150,4,0.9800000190734864,8,0.358533
150,3,0.9800000190734864,8,0.359689
150,3,0.9800000190734864,8,0.361956
150,3,0.9800000190734864,8,0.362889
150,6,0.9800000190734864,8,0.345156
150,5,0.9800000190734864,8,0.355556
150,2,0.9800000190734864,8,0.359511
150,6,0.9800000190734864,8,0.333911
150,4,0.9800000190734864,8,0.354933
150,5,0.9800000190734864,8,0.349956
150,4,0.9800000190734864,8,0.360667
150,4,0.9800000190734864,8,0.362889
150,5,0.9800000190734864,8,0.346311
150,6,0.9800000190734864,8,0.342489
150,5,0.9800000190734864,8,0.357556
150,4,0.9800000190734864,8,0.356578
150,5,0.9800000190734864,8,0.348044
150,6,0.9800000190734864,8,0.343244
150,4,0.9800000190734864,8,0.360222
150,3,0.9800000190734864,8,0.360222
150,2,0.9800000190734864,8,0.354222
150,2,0.9800000190734864,8,0.336978
150,6,0.9800000190734864,8,0.344756
150,6,0.9800000190734864,8,0.340978
150,2,0.9800000190734864,8,0.350133
150,5,0.9800000190734864,8,0.349333
150,2,0.9800000190734864,8,0.348133
150,6,0.9800000190734864,8,0.343067
150,2,0.9800000190734864,8,0.352178
150,5,0.9800000190734864,8,0.346533
150,5,0.9800000190734864,8,0.346622
150,2,0.9800000190734864,8,0.345378
150,2,0.9800000190734864,8,0.3412
150,5,0.9800000190734864,8,0.352756
150,6,0.9800000190734864,8,0.3384
150,4,0.9800000190734864,8,0.3592
150,5,0.9800000190734864,8,0.3584
150,6,0.9800000190734864,8,0.345467
150,5,0.9800000190734864,8,0.350489
150,2,0.9800000190734864,8,0.351556
150,2,0.9800000190734864,8,0.342133
150,2,0.9800000190734864,8,0.341644
150,3,0.9800000190734864,8,0.364222
150,4,0.9800000190734864,8,0.351289
150,3,0.9800000190734864,8,0.360044
150,3,0.9800000190734864,8,0.361067
150,6,0.9800000190734864,8,0.340267
150,4,0.9800000190734864,8,0.356489
150,4,0.9800000190734864,8,0.364978
150,4,0.9800000190734864,8,0.358444
150,6,0.9800000190734864,8,0.344089
150,3,0.9800000190734864,8,0.364756
150,4,0.9800000190734864,8,0.352311
150,6,0.9800000190734864,8,0.339867
150,3,0.9800000190734864,8,0.361556
150,4,0.9800000190734864,8,0.362178
150,5,0.9800000190734864,8,0.347867
150,2,0.9800000190734864,8,0.354711
150,2,0.9800000190734864,8,0.343111
150,5,0.9800000190734864,8,0.350178
150,4,0.9800000190734864,8,0.355111
150,2,0.9800000190734864,8,0.351022
150,5,0.9800000190734864,8,0.347022
150,2,0.9800000190734864,8,0.357911
150,4,0.9800000190734864,8,0.351867
150,3,0.9800000190734864,8,0.361511
150,2,0.9800000190734864,8,0.356933
150,3,0.9800000190734864,8,0.363289
150,4,0.9800000190734864,8,0.358889
150,6,0.9800000190734864,8,0.338178
150,3,0.9800000190734864,8,0.368756
150,2,0.9800000190734864,8,0.350711
150,5,0.9800000190734864,8,0.344356
150,5,0.9800000190734864,8,0.350356
150,3,0.9800000190734864,8,0.361422
150,6,0.9800000190734864,8,0.3492
150,4,0.9800000190734864,8,0.3612
150,6,0.9800000190734864,8,0.343644
150,2,0.9800000190734864,8,0.3472
150,6,0.9800000190734864,8,0.339556
150,3,0.9800000190734864,8,0.357911
150,4,0.9800000190734864,8,0.362044
150,2,0.9800000190734864,8,0.349289
150,5,0.9800000190734864,8,0.354578
150,4,0.9800000190734864,8,0.361778
150,4,0.9800000190734864,8,0.355511
150,5,0.9800000190734864,8,0.354356
150,5,0.9800000190734864,8,0.351867
150,4,0.9800000190734864,8,0.363022
150,5,0.9800000190734864,8,0.352222
150,6,0.9800000190734864,8,0.340533
150,5,0.9800000190734864,8,0.349689
150,2,0.9800000190734864,8,0.355733
150,2,0.9800000190734864,8,0.346889
150,6,0.9800000190734864,8,0.338044
150,3,0.9800000190734864,8,0.371333
150,3,0.9800000190734864,8,0.357644
150,6,0.9800000190734864,8,0.340356
150,6,0.9800000190734864,8,0.337822
150,5,0.9800000190734864,8,0.349778
150,3,0.9800000190734864,8,0.369022
150,6,0.9800000190734864,8,0.345022
150,6,0.9800000190734864,8,0.340222
150,4,0.9800000190734864,8,0.353244
150,3,0.9800000190734864,8,0.371111
150,3,0.9800000190734864,8,0.359244
150,3,0.9800000190734864,8,0.364578
150,6,0.9800000190734864,8,0.336267
150,5,0.9800000190734864,8,0.349378
150,4,0.9800000190734864,8,0.353244
150,6,0.9800000190734864,8,0.340444
150,3,0.9800000190734864,8,0.364044
150,3,0.9800000190734864,8,0.358578
150,4,0.9800000190734864,8,0.358356
150,3,0.9800000190734864,8,0.357822
150,2,0.9800000190734864,8,0.342844
150,4,0.9800000190734864,8,0.352844
150,4,0.9800000190734864,8,0.359067
150,5,0.9800000190734864,8,0.347822
150,4,0.9800000190734864,8,0.358
150,4,0.9800000190734864,8,0.365422
150,6,0.9800000190734864,8,0.340089
150,6,0.9800000190734864,8,0.3488
150,2,0.9800000190734864,8,0.354622
150,2,0.9800000190734864,8,0.3468
150,6,0.9800000190734864,8,0.345111
150,5,0.9800000190734864,8,0.353467
150,5,0.9800000190734864,8,0.362444
150,5,0.9800000190734864,8,0.348756
150,4,0.9800000190734864,8,0.358711
150,6,0.9800000190734864,8,0.340444
150,5,0.9800000190734864,8,0.353511
150,4,0.9800000190734864,8,0.355467
150,2,0.9800000190734864,8,0.3536
150,6,0.9800000190734864,8,0.339467
150,5,0.9800000190734864,8,0.355022
150,2,0.9800000190734864,8,0.342267
150,4,0.9800000190734864,8,0.357067
150,2,0.9800000190734864,8,0.343733
150,6,0.9800000190734864,8,0.346222
150,6,0.9800000190734864,8,0.338311
150,3,0.9800000190734864,8,0.365378
150,3,0.9800000190734864,8,0.360089
150,4,0.9800000190734864,8,0.364533
150,2,0.9800000190734864,8,0.356844
150,5,0.9800000190734864,8,0.355911
150,6,0.9800000190734864,8,0.340489
150,5,0.9800000190734864,8,0.349867
150,2,0.9800000190734864,8,0.353689
150,6,0.9800000190734864,8,0.3404
150,3,0.9800000190734864,8,0.358267
150,5,0.9800000190734864,8,0.348222
150,4,0.9800000190734864,8,0.367156
150,6,0.9800000190734864,8,0.3404
150,4,0.9800000190734864,8,0.3624
150,6,0.9800000190734864,8,0.337689
150,6,0.9800000190734864,8,0.3496
150,3,0.9800000190734864,8,0.362133
150,5,0.9800000190734864,8,0.352711
150,3,0.9800000190734864,8,0.370444
150,2,0.9800000190734864,8,0.349244
150,6,0.9800000190734864,8,0.349067
150,5,0.9800000190734864,8,0.354133
150,6,0.9800000190734864,8,0.337867
150,6,0.9800000190734864,8,0.342978
150,2,0.9800000190734864,8,0.352578
150,5,0.9800000190734864,8,0.356178
150,4,0.9800000190734864,8,0.3528
150,6,0.9800000190734864,8,0.338667
150,6,0.9800000190734864,8,0.342444
150,5,0.9800000190734864,8,0.3536
150,5,0.9800000190734864,8,0.350844
150,5,0.9800000190734864,8,0.354267
150,3,0.9800000190734864,8,0.367422
150,6,0.9800000190734864,8,0.342
150,4,0.9800000190734864,8,0.363822
150,5,0.9800000190734864,8,0.356933
150,3,0.9800000190734864,8,0.367111
150,3,0.9800000190734864,8,0.366622
150,3,0.9800000190734864,8,0.358311
150,6,0.9800000190734864,8,0.3448
150,6,0.9800000190734864,8,0.344356
150,3,0.9800000190734864,8,0.348978
150,5,0.9800000190734864,8,0.347511
150,3,0.9800000190734864,8,0.357289
150,5,0.9800000190734864,8,0.353067
150,4,0.9800000190734864,8,0.352133
150,5,0.9800000190734864,8,0.350667
150,5,0.9800000190734864,8,0.351733
150,5,0.9800000190734864,8,0.356533
150,5,0.9800000190734864,8,0.355911
150,3,0.9800000190734864,8,0.362133
150,5,0.9800000190734864,8,0.3476
150,4,0.9800000190734864,8,0.355289
150,3,0.9800000190734864,8,0.354844
150,6,0.9800000190734864,8,0.336178
150,2,0.9800000190734864,8,0.346756
150,6,0.9800000190734864,8,0.340178
150,3,0.9800000190734864,8,0.367867
150,6,0.9800000190734864,8,0.343956
150,3,0.9800000190734864,8,0.357867
150,3,0.9800000190734864,8,0.369422
150,5,0.9800000190734864,8,0.346889
150,6,0.9800000190734864,8,0.339244
150,6,0.9800000190734864,8,0.339689
150,5,0.9800000190734864,8,0.354756
150,2,0.9800000190734864,8,0.345378
150,3,0.9800000190734864,8,0.362
150,2,0.9800000190734864,8,0.337244
150,2,0.9800000190734864,8,0.357867
150,2,0.9800000190734864,8,0.346489
150,5,0.9800000190734864,8,0.345111
150,3,0.9800000190734864,8,0.358622
150,4,0.9800000190734864,8,0.361067
150,4,0.9800000190734864,8,0.360756
150,2,0.9800000190734864,8,0.340933
150,4,0.9800000190734864,8,0.362222
150,4,0.9800000190734864,8,0.352178
150,4,0.9800000190734864,8,0.359867
150,3,0.9800000190734864,8,0.347022
150,6,0.9800000190734864,8,0.341422
150,3,0.9800000190734864,8,0.3588
150,4,0.9800000190734864,8,0.359911
150,4,0.9800000190734864,8,0.360311
150,2,0.9800000190734864,8,0.350889
150,2,0.9800000190734864,8,0.339822
150,4,0.9800000190734864,8,0.359956
150,2,0.9800000190734864,8,0.3464
150,3,0.9800000190734864,8,0.369111
150,6,0.9800000190734864,8,0.341422
150,6,0.9800000190734864,8,0.3444
150,3,0.9800000190734864,8,0.362889
150,4,0.9800000190734864,8,0.363378
150,3,0.9800000190734864,8,0.3572
150,5,0.9800000190734864,8,0.3456
150,6,0.9800000190734864,8,0.334533
150,3,0.9800000190734864,8,0.369644
150,3,0.9800000190734864,8,0.358711
150,3,0.9800000190734864,8,0.358044
150,2,0.9800000190734864,8,0.346622
150,5,0.9800000190734864,8,0.345333
150,5,0.9800000190734864,8,0.3496
150,3,0.9800000190734864,8,0.368489
150,4,0.9800000190734864,8,0.3576
150,6,0.9800000190734864,8,0.341378
150,6,0.9800000190734864,8,0.340356
150,6,0.9800000190734864,8,0.342533
150,2,0.9800000190734864,8,0.348267
150,2,0.9800000190734864,8,0.3492
150,5,0.9800000190734864,8,0.357422
150,5,0.9800000190734864,8,0.3488
150,4,0.9800000190734864,8,0.359333
150,3,0.9800000190734864,8,0.367556
150,6,0.9800000190734864,8,0.338267
150,2,0.9800000190734864,8,0.350667
150,4,0.9800000190734864,8,0.356889
150,4,0.9800000190734864,8,0.3628
150,2,0.9800000190734864,8,0.353378
150,5,0.9800000190734864,8,0.343911
150,6,0.9800000190734864,8,0.3424
150,6,0.9800000190734864,8,0.342356
150,4,0.9800000190734864,8,0.358222
150,3,0.9800000190734864,8,0.358933
150,2,0.9800000190734864,8,0.352222
150,2,0.9800000190734864,8,0.341733
150,2,0.9800000190734864,8,0.349067
150,2,0.9800000190734864,8,0.353067
150,6,0.9800000190734864,8,0.346756
150,5,0.9800000190734864,8,0.346533
150,4,0.9800000190734864,8,0.353822
150,2,0.9800000190734864,8,0.344933
150,6,0.9800000190734864,8,0.339911
150,3,0.9800000190734864,8,0.363244
150,3,0.9800000190734864,8,0.355911
150,6,0.9800000190734864,8,0.345333
150,2,0.9800000190734864,8,0.347556
150,5,0.9800000190734864,8,0.352356
150,3,0.9800000190734864,8,0.367022
150,4,0.9800000190734864,8,0.358489
150,6,0.9800000190734864,8,0.340044
150,5,0.9800000190734864,8,0.348044
150,6,0.9800000190734864,8,0.342
150,2,0.9800000190734864,8,0.344133
150,5,0.9800000190734864,8,0.340844
150,2,0.9800000190734864,8,0.354311
150,4,0.9800000190734864,8,0.3588
150,2,0.9800000190734864,8,0.355911
150,3,0.9800000190734864,8,0.361156
150,6,0.9800000190734864,8,0.344
150,2,0.9800000190734864,8,0.352133
150,5,0.9800000190734864,8,0.3492
150,5,0.9800000190734864,8,0.351733
150,2,0.9800000190734864,8,0.350356
150,2,0.9800000190734864,8,0.349111
150,2,0.9800000190734864,8,0.350444
150,5,0.9800000190734864,8,0.350578
150,4,0.9800000190734864,8,0.365778
150,2,0.9800000190734864,8,0.342978
150,2,0.9800000190734864,8,0.353422
150,6,0.9800000190734864,8,0.340089
150,5,0.9800000190734864,8,0.3488
150,2,0.9800000190734864,8,0.338933
150,5,0.9800000190734864,8,0.346711
150,2,0.9800000190734864,8,0.346978
150,2,0.9800000190734864,8,0.338356
150,3,0.9800000190734864,8,0.367867
150,4,0.9800000190734864,8,0.354444
150,6,0.9800000190734864,8,0.339422
150,4,0.9800000190734864,8,0.347867
150,6,0.9800000190734864,8,0.334356
150,3,0.9800000190734864,8,0.361867
150,6,0.9800000190734864,8,0.342889
150,3,0.9800000190734864,8,0.362222
150,5,0.9800000190734864,8,0.343422
150,4,0.9800000190734864,8,0.358133
150,3,0.9800000190734864,8,0.3664
150,6,0.9800000190734864,8,0.342844
150,2,0.9800000190734864,8,0.339244
150,6,0.9800000190734864,8,0.341244
150,4,0.9800000190734864,8,0.366444
150,3,0.9800000190734864,8,0.366356
150,5,0.9800000190734864,8,0.353244
150,6,0.9800000190734864,8,0.3476
150,2,0.9800000190734864,8,0.351289
150,4,0.9800000190734864,8,0.361244
150,2,0.9800000190734864,8,0.340222
150,5,0.9800000190734864,8,0.3528
150,2,0.9800000190734864,8,0.348756
150,5,0.9800000190734864,8,0.3556
150,6,0.9800000190734864,8,0.342044
150,4,0.9800000190734864,8,0.3604
150,3,0.9800000190734864,8,0.362578
150,4,0.9800000190734864,8,0.356844
150,3,0.9800000190734864,8,0.370889
150,2,0.9800000190734864,8,0.352533
150,5,0.9800000190734864,8,0.352756
150,4,0.9800000190734864,8,0.363244
150,2,0.9800000190734864,8,0.352311
150,6,0.9800000190734864,8,0.340311
150,2,0.9800000190734864,8,0.352089
150,2,0.9800000190734864,8,0.343689
150,6,0.9800000190734864,8,0.341289
150,4,0.9800000190734864,8,0.353778
150,3,0.9800000190734864,8,0.366667
150,2,0.9800000190734864,8,0.349244
150,6,0.9800000190734864,8,0.334889
150,5,0.9800000190734864,8,0.352311
150,6,0.9800000190734864,8,0.338667
150,4,0.9800000190734864,8,0.358044
150,5,0.9800000190734864,8,0.35
150,5,0.9800000190734864,8,0.351556
150,3,0.9800000190734864,8,0.362844
150,5,0.9800000190734864,8,0.348
150,2,0.9800000190734864,8,0.346133
150,4,0.9800000190734864,8,0.356578
150,4,0.9800000190734864,8,0.351378
150,2,0.9800000190734864,8,0.357156
150,4,0.9800000190734864,8,0.346311
150,2,0.9800000190734864,8,0.342267
150,5,0.9800000190734864,8,0.350356
150,3,0.9800000190734864,8,0.358756
150,3,0.9800000190734864,8,0.366311
150,6,0.9800000190734864,8,0.342578
150,3,0.9800000190734864,8,0.348356
150,5,0.9800000190734864,8,0.3564
150,3,0.9800000190734864,8,0.361511
150,4,0.9800000190734864,8,0.3576
150,5,0.9800000190734864,8,0.356178
150,2,0.9800000190734864,8,0.348311
150,6,0.9800000190734864,8,0.341511
150,5,0.9800000190734864,8,0.352444
150,4,0.9800000190734864,8,0.360222
150,4,0.9800000190734864,8,0.360222
150,3,0.9800000190734864,8,0.359822
150,4,0.9800000190734864,8,0.359289
150,4,0.9800000190734864,8,0.359111
150,5,0.9800000190734864,8,0.344356
150,2,0.9800000190734864,8,0.345111
150,6,0.9800000190734864,8,0.337822
150,3,0.9800000190734864,8,0.363067
150,6,0.9800000190734864,8,0.340844
150,2,0.9800000190734864,8,0.355556
150,4,0.9800000190734864,8,0.358
150,6,0.9800000190734864,8,0.338178
150,4,0.9800000190734864,8,0.361822
150,5,0.9800000190734864,8,0.3524
150,4,0.9800000190734864,8,0.352489
150,5,0.9800000190734864,8,0.341778
150,6,0.9800000190734864,8,0.342444
150,4,0.9800000190734864,8,0.361956
150,4,0.9800000190734864,8,0.356711
150,3,0.9800000190734864,8,0.367511
150,4,0.9800000190734864,8,0.351644
150,4,0.9800000190734864,8,0.357156
150,4,0.9800000190734864,8,0.361467
150,4,0.9800000190734864,8,0.359689
150,3,0.9800000190734864,8,0.365511
150,5,0.9800000190734864,8,0.343022
150,3,0.9800000190734864,8,0.3564
150,5,0.9800000190734864,8,0.356044
150,4,0.9800000190734864,8,0.359556
150,4,0.9800000190734864,8,0.3552
150,3,0.9800000190734864,8,0.362978
150,4,0.9800000190734864,8,0.358889
150,4,0.9800000190734864,8,0.359956
150,2,0.9800000190734864,8,0.341289
150,6,0.9800000190734864,8,0.339111
150,6,0.9800000190734864,8,0.337067
150,5,0.9800000190734864,8,0.351111
150,2,0.9800000190734864,8,0.351911
150,6,0.9800000190734864,8,0.346578
150,3,0.9800000190734864,8,0.362044
150,3,0.9800000190734864,8,0.364311
150,3,0.9800000190734864,8,0.364133
150,4,0.9800000190734864,8,0.361733
150,3,0.9800000190734864,8,0.366133
150,2,0.9800000190734864,8,0.344978
150,4,0.9800000190734864,8,0.352889
150,6,0.9800000190734864,8,0.341422
150,3,0.9800000190734864,8,0.353333
150,2,0.9800000190734864,8,0.354356
150,4,0.9800000190734864,8,0.357644
150,5,0.9800000190734864,8,0.353422
150,2,0.9800000190734864,8,0.343511
150,2,0.9800000190734864,8,0.357467
150,5,0.9800000190734864,8,0.345911
150,2,0.9800000190734864,8,0.342667
150,6,0.9800000190734864,8,0.336844
150,3,0.9800000190734864,8,0.368489
150,5,0.9800000190734864,8,0.360489
150,2,0.9800000190734864,8,0.355556
150,5,0.9800000190734864,8,0.3456
150,4,0.9800000190734864,8,0.357244
150,4,0.9800000190734864,8,0.346933
150,4,0.9800000190734864,8,0.359556
150,2,0.9800000190734864,8,0.342089
150,6,0.9800000190734864,8,0.341689
150,4,0.9800000190734864,8,0.355956
150,3,0.9800000190734864,8,0.3716
150,4,0.9800000190734864,8,0.357378
150,3,0.9800000190734864,8,0.366889
150,6,0.9800000190734864,8,0.338
150,5,0.9800000190734864,8,0.341778
150,5,0.9800000190734864,8,0.352756
150,3,0.9800000190734864,8,0.359956
150,3,0.9800000190734864,8,0.365378
150,2,0.9800000190734864,8,0.346578
150,3,0.9800000190734864,8,0.365333
150,6,0.9800000190734864,8,0.335467
150,5,0.9800000190734864,8,0.349822
150,6,0.9800000190734864,8,0.338933
150,6,0.9800000190734864,8,0.346178
150,6,0.9800000190734864,8,0.340356
150,6,0.9800000190734864,8,0.334222
150,6,0.9800000190734864,8,0.340756
150,5,0.9800000190734864,8,0.350133
150,5,0.9800000190734864,8,0.349822
150,4,0.9800000190734864,8,0.358311
150,6,0.9800000190734864,8,0.341022
150,5,0.9800000190734864,8,0.349156
150,5,0.9800000190734864,8,0.342133
150,2,0.9800000190734864,8,0.346267
150,6,0.9800000190734864,8,0.345956
150,4,0.9800000190734864,8,0.355244
150,3,0.9800000190734864,8,0.360311
150,6,0.9800000190734864,8,0.339467
150,5,0.9800000190734864,8,0.351644
150,6,0.9800000190734864,8,0.343644
150,6,0.9800000190734864,8,0.339956
150,2,0.9800000190734864,8,0.344133
150,6,0.9800000190734864,8,0.335867
150,6,0.9800000190734864,8,0.341422
150,2,0.9800000190734864,8,0.342489
150,6,0.9800000190734864,8,0.345156
150,5,0.9800000190734864,8,0.356622
150,5,0.9800000190734864,8,0.352711
150,4,0.9800000190734864,8,0.362756
150,2,0.9800000190734864,8,0.350311
150,6,0.9800000190734864,8,0.337378
150,2,0.9800000190734864,8,0.340578
150,4,0.9800000190734864,8,0.352222
150,6,0.9800000190734864,8,0.336978
150,2,0.9800000190734864,8,0.347378
150,2,0.9800000190734864,8,0.343378
150,2,0.9800000190734864,8,0.349644
150,4,0.9800000190734864,8,0.365911
150,5,0.9800000190734864,8,0.35
150,2,0.9800000190734864,8,0.344044
150,4,0.9800000190734864,8,0.354267
150,4,0.9800000190734864,8,0.362267
150,4,0.9800000190734864,8,0.362
150,2,0.9800000190734864,8,0.353644
150,6,0.9800000190734864,8,0.342444
150,5,0.9800000190734864,8,0.353378
150,2,0.9800000190734864,8,0.356133
150,4,0.9800000190734864,8,0.3588
150,4,0.9800000190734864,8,0.363111
150,5,0.9800000190734864,8,0.353822
150,3,0.9800000190734864,8,0.365644
150,3,0.9800000190734864,8,0.362311
150,2,0.9800000190734864,8,0.348756
150,3,0.9800000190734864,8,0.368044
150,4,0.9800000190734864,8,0.355067
150,4,0.9800000190734864,8,0.357289
150,2,0.9800000190734864,8,0.351333
150,2,0.9800000190734864,8,0.350489
150,3,0.9800000190734864,8,0.359289
150,4,0.9800000190734864,8,0.359244
150,5,0.9800000190734864,8,0.351689
150,3,0.9800000190734864,8,0.362
150,3,0.9800000190734864,8,0.364978
150,2,0.9800000190734864,8,0.349867
150,3,0.9800000190734864,8,0.355244
150,4,0.9800000190734864,8,0.358044
150,2,0.9800000190734864,8,0.356044
150,2,0.9800000190734864,8,0.365111
150,6,0.9800000190734864,8,0.341822
150,5,0.9800000190734864,8,0.349556
150,3,0.9800000190734864,8,0.353733
150,4,0.9800000190734864,8,0.3624
150,6,0.9800000190734864,8,0.346044
150,4,0.9800000190734864,8,0.366489
150,2,0.9800000190734864,8,0.345422
150,4,0.9800000190734864,8,0.355689
150,4,0.9800000190734864,8,0.356267
150,5,0.9800000190734864,8,0.3488
150,6,0.9800000190734864,8,0.342044
150,6,0.9800000190734864,8,0.343956
150,2,0.9800000190734864,8,0.346889
150,2,0.9800000190734864,8,0.333822
150,2,0.9800000190734864,8,0.345689
150,5,0.9800000190734864,8,0.346489
150,3,0.9800000190734864,8,0.355956
150,4,0.9800000190734864,8,0.350756
150,5,0.9800000190734864,8,0.350756
150,2,0.9800000190734864,8,0.357822
150,6,0.9800000190734864,8,0.342311
150,6,0.9800000190734864,8,0.341689
150,2,0.9800000190734864,8,0.349778
150,6,0.9800000190734864,8,0.339689
150,3,0.9800000190734864,8,0.363556
150,5,0.9800000190734864,8,0.345956
150,2,0.9800000190734864,8,0.3516
150,2,0.9800000190734864,8,0.349422
150,4,0.9800000190734864,8,0.351422
150,4,0.9800000190734864,8,0.357156
150,2,0.9800000190734864,8,0.337067
150,6,0.9800000190734864,8,0.342667
150,6,0.9800000190734864,8,0.331733
150,5,0.9800000190734864,8,0.350622
150,2,0.9800000190734864,8,0.338889
150,5,0.9800000190734864,8,0.353111
150,4,0.9800000190734864,8,0.366578
150,3,0.9800000190734864,8,0.369333
150,2,0.9800000190734864,8,0.354978
150,6,0.9800000190734864,8,0.343378
150,4,0.9800000190734864,8,0.356889
150,6,0.9800000190734864,8,0.344311
150,6,0.9800000190734864,8,0.344711
150,2,0.9800000190734864,8,0.344756
150,2,0.9800000190734864,8,0.347333
150,5,0.9800000190734864,8,0.353378
150,5,0.9800000190734864,8,0.341956
150,6,0.9800000190734864,8,0.342178
150,5,0.9800000190734864,8,0.357289
150,5,0.9800000190734864,8,0.348622
150,2,0.9800000190734864,8,0.349378
150,5,0.9800000190734864,8,0.345511
150,5,0.9800000190734864,8,0.344444
150,3,0.9800000190734864,8,0.367289
150,4,0.9800000190734864,8,0.355911
150,5,0.9800000190734864,8,0.344933
150,6,0.9800000190734864,8,0.347867
150,3,0.9800000190734864,8,0.359956
150,6,0.9800000190734864,8,0.336756
150,5,0.9800000190734864,8,0.356178
150,5,0.9800000190734864,8,0.357067
150,5,0.9800000190734864,8,0.3536
150,2,0.9800000190734864,8,0.357422
150,4,0.9800000190734864,8,0.352311
150,4,0.9800000190734864,8,0.355644
150,5,0.9800000190734864,8,0.354222
150,3,0.9800000190734864,8,0.360711
150,2,0.9800000190734864,8,0.3556
150,6,0.9800000190734864,8,0.341511
150,5,0.9800000190734864,8,0.349867
150,6,0.9800000190734864,8,0.338133
150,2,0.9800000190734864,8,0.350267
150,4,0.9800000190734864,8,0.368044
150,6,0.9800000190734864,8,0.341556
150,6,0.9800000190734864,8,0.337378
150,6,0.9800000190734864,8,0.342622
150,5,0.9800000190734864,8,0.3524
150,6,0.9800000190734864,8,0.340667
150,3,0.9800000190734864,8,0.363556
150,2,0.9800000190734864,8,0.354133
150,6,0.9800000190734864,8,0.340089
150,4,0.9800000190734864,8,0.351956
150,5,0.9800000190734864,8,0.353333
150,4,0.9800000190734864,8,0.359378
150,6,0.9800000190734864,8,0.338889
150,6,0.9800000190734864,8,0.338
150,4,0.9800000190734864,8,0.359244
150,5,0.9800000190734864,8,0.351467
150,6,0.9800000190734864,8,0.334667
150,6,0.9800000190734864,8,0.333111
150,3,0.9800000190734864,8,0.360222
150,2,0.9800000190734864,8,0.351022
150,5,0.9800000190734864,8,0.354311
150,4,0.9800000190734864,8,0.360889
150,2,0.9800000190734864,8,0.340133
150,3,0.9800000190734864,8,0.356489
150,6,0.9800000190734864,8,0.336533
150,4,0.9800000190734864,8,0.354889
150,6,0.9800000190734864,8,0.334711
150,5,0.9800000190734864,8,0.362222
150,5,0.9800000190734864,8,0.354889
150,5,0.9800000190734864,8,0.3472
150,2,0.9800000190734864,8,0.354622
150,2,0.9800000190734864,8,0.355156
150,5,0.9800000190734864,8,0.3488
150,2,0.9800000190734864,8,0.357556
150,5,0.9800000190734864,8,0.351778
150,3,0.9800000190734864,8,0.3612
150,4,0.9800000190734864,8,0.3548
150,3,0.9800000190734864,8,0.358889
150,5,0.9800000190734864,8,0.348889
150,5,0.9800000190734864,8,0.347467
150,4,0.9800000190734864,8,0.362667
150,6,0.9800000190734864,8,0.337822
150,2,0.9800000190734864,8,0.349022
150,6,0.9800000190734864,8,0.340844
150,3,0.9800000190734864,8,0.362222
150,5,0.9800000190734864,8,0.349111
150,2,0.9800000190734864,8,0.348489
150,2,0.9800000190734864,8,0.3452
150,2,0.9800000190734864,8,0.345911
150,4,0.9800000190734864,8,0.356267
150,2,0.9800000190734864,8,0.350533
150,3,0.9800000190734864,8,0.357556
150,5,0.9800000190734864,8,0.3516
150,4,0.9800000190734864,8,0.354489
150,3,0.9800000190734864,8,0.358089
150,6,0.9800000190734864,8,0.3392
150,5,0.9800000190734864,8,0.345511
150,2,0.9800000190734864,8,0.341556
150,2,0.9800000190734864,8,0.338089
150,5,0.9800000190734864,8,0.348222
150,2,0.9800000190734864,8,0.351289
150,4,0.9800000190734864,8,0.3576
150,2,0.9800000190734864,8,0.344533
150,5,0.9800000190734864,8,0.351778
150,3,0.9800000190734864,8,0.363911
150,5,0.9800000190734864,8,0.348711
150,6,0.9800000190734864,8,0.336844
150,3,0.9800000190734864,8,0.3612
150,5,0.9800000190734864,8,0.351822
150,4,0.9800000190734864,8,0.362133
150,3,0.9800000190734864,8,0.361822
150,5,0.9800000190734864,8,0.350267
150,6,0.9800000190734864,8,0.336133
150,4,0.9800000190734864,8,0.359644
150,3,0.9800000190734864,8,0.371156
150,6,0.9800000190734864,8,0.340356
150,6,0.9800000190734864,8,0.349022
150,5,0.9800000190734864,8,0.347244
150,4,0.9800000190734864,8,0.351556
150,6,0.9800000190734864,8,0.341289
150,4,0.9800000190734864,8,0.3636
150,2,0.9800000190734864,8,0.361911
150,4,0.9800000190734864,8,0.357733
150,4,0.9800000190734864,8,0.363644
150,4,0.9800000190734864,8,0.372133
150,4,0.9800000190734864,8,0.3532
150,5,0.9800000190734864,8,0.350089
150,5,0.9800000190734864,8,0.351778
150,2,0.9800000190734864,8,0.343156
150,2,0.9800000190734864,8,0.347867
150,5,0.9800000190734864,8,0.353378
150,5,0.9800000190734864,8,0.345022
150,5,0.9800000190734864,8,0.352844
150,4,0.9800000190734864,8,0.355378
150,5,0.9800000190734864,8,0.351067
150,4,0.9800000190734864,8,0.361511
150,6,0.9800000190734864,8,0.337689
150,5,0.9800000190734864,8,0.347556
150,5,0.9800000190734864,8,0.347733
150,4,0.9800000190734864,8,0.361511
150,6,0.9800000190734864,8,0.343956
150,4,0.9800000190734864,8,0.353778
150,5,0.9800000190734864,8,0.350089
150,4,0.9800000190734864,8,0.354222
150,4,0.9800000190734864,8,0.362178
150,2,0.9800000190734864,8,0.344356
150,6,0.9800000190734864,8,0.348667
150,4,0.9800000190734864,8,0.358222
150,2,0.9800000190734864,8,0.360356
150,5,0.9800000190734864,8,0.352444
150,4,0.9800000190734864,8,0.355778
150,5,0.9800000190734864,8,0.353822
150,2,0.9800000190734864,8,0.345156
150,6,0.9800000190734864,8,0.342933
150,5,0.9800000190734864,8,0.355333
150,5,0.9800000190734864,8,0.350933
150,4,0.9800000190734864,8,0.368089
150,2,0.9800000190734864,8,0.3468
150,5,0.9800000190734864,8,0.346356
150,5,0.9800000190734864,8,0.3516
150,5,0.9800000190734864,8,0.350844
150,5,0.9800000190734864,8,0.349956
150,6,0.9800000190734864,8,0.3412
150,2,0.9800000190734864,8,0.347378
150,4,0.9800000190734864,8,0.358533
150,2,0.9800000190734864,8,0.339867
150,6,0.9800000190734864,8,0.343067
150,3,0.9800000190734864,8,0.368222
150,2,0.9800000190734864,8,0.347911
150,5,0.9800000190734864,8,0.347156
150,2,0.9800000190734864,8,0.352
150,5,0.9800000190734864,8,0.346711
150,2,0.9800000190734864,8,0.344311
150,2,0.9800000190734864,8,0.344489
150,3,0.9800000190734864,8,0.365422
150,2,0.9800000190734864,8,0.352311
150,3,0.9800000190734864,8,0.353511
150,3,0.9800000190734864,8,0.3596
150,4,0.9800000190734864,8,0.350133
150,5,0.9800000190734864,8,0.349733
150,4,0.9800000190734864,8,0.351156
150,5,0.9800000190734864,8,0.3548
150,2,0.9800000190734864,8,0.353156
150,4,0.9800000190734864,8,0.357511
150,2,0.9800000190734864,8,0.348978
150,6,0.9800000190734864,8,0.334889
150,2,0.9800000190734864,8,0.351111
150,6,0.9800000190734864,8,0.341467
150,2,0.9800000190734864,8,0.357422
150,4,0.9800000190734864,8,0.360711
150,3,0.9800000190734864,8,0.373467
150,4,0.9800000190734864,8,0.362178
150,5,0.9800000190734864,8,0.352978
150,4,0.9800000190734864,8,0.356844
150,3,0.9800000190734864,8,0.363422
150,2,0.9800000190734864,8,0.354933
150,4,0.9800000190734864,8,0.366044
150,4,0.9800000190734864,8,0.355911
150,2,0.9800000190734864,8,0.347422
150,5,0.9800000190734864,8,0.354978
150,6,0.9800000190734864,8,0.343378
150,3,0.9800000190734864,8,0.362
150,4,0.9800000190734864,8,0.361067
150,3,0.9800000190734864,8,0.357422
150,3,0.9800000190734864,8,0.3544
150,2,0.9800000190734864,8,0.337156
150,4,0.9800000190734864,8,0.3616
150,5,0.9800000190734864,8,0.339289
150,6,0.9800000190734864,8,0.340844
150,6,0.9800000190734864,8,0.345467
150,6,0.9800000190734864,8,0.3364
150,2,0.9800000190734864,8,0.348222
150,4,0.9800000190734864,8,0.360489
150,4,0.9800000190734864,8,0.356756
150,6,0.9800000190734864,8,0.340311
150,2,0.9800000190734864,8,0.339289
150,3,0.9800000190734864,8,0.358889
150,2,0.9800000190734864,8,0.354311
150,4,0.9800000190734864,8,0.352178
150,3,0.9800000190734864,8,0.367911
150,2,0.9800000190734864,8,0.344133
150,6,0.9800000190734864,8,0.346444
150,3,0.9800000190734864,8,0.359956
150,2,0.9800000190734864,8,0.362489
150,6,0.9800000190734864,8,0.3436
150,3,0.9800000190734864,8,0.363111
150,6,0.9800000190734864,8,0.3376
150,6,0.9800000190734864,8,0.334444
150,4,0.9800000190734864,8,0.359911
150,2,0.9800000190734864,8,0.355289
150,3,0.9800000190734864,8,0.370222
150,6,0.9800000190734864,8,0.339556
150,6,0.9800000190734864,8,0.334089
150,2,0.9800000190734864,8,0.338044
150,6,0.9800000190734864,8,0.341511
150,6,0.9800000190734864,8,0.344711
150,5,0.9800000190734864,8,0.3484
150,6,0.9800000190734864,8,0.342089
150,2,0.9800000190734864,8,0.3508
150,2,0.9800000190734864,8,0.339022
150,5,0.9800000190734864,8,0.3484
150,3,0.9800000190734864,8,0.365911
150,6,0.9800000190734864,8,0.342133
150,2,0.9800000190734864,8,0.342667
150,6,0.9800000190734864,8,0.338533
150,5,0.9800000190734864,8,0.348
150,6,0.9800000190734864,8,0.343156
150,2,0.9800000190734864,8,0.3488
150,6,0.9800000190734864,8,0.343911
150,5,0.9800000190734864,8,0.349778
150,5,0.9800000190734864,8,0.355911
150,4,0.9800000190734864,8,0.357422
150,4,0.9800000190734864,8,0.364667
150,2,0.9800000190734864,8,0.351022
150,3,0.9800000190734864,8,0.362711
150,4,0.9800000190734864,8,0.360267
150,3,0.9800000190734864,8,0.370978
150,4,0.9800000190734864,8,0.360844
150,4,0.9800000190734864,8,0.352844
150,3,0.9800000190734864,8,0.369467
150,6,0.9800000190734864,8,0.339689
150,3,0.9800000190734864,8,0.361867
150,3,0.9800000190734864,8,0.359556
150,3,0.9800000190734864,8,0.365511
150,3,0.9800000190734864,8,0.362222
150,6,0.9800000190734864,8,0.341111
150,6,0.9800000190734864,8,0.342533
150,4,0.9800000190734864,8,0.367156
150,6,0.9800000190734864,8,0.340356
150,3,0.9800000190734864,8,0.363244
150,3,0.9800000190734864,8,0.362222
150,6,0.9800000190734864,8,0.341911
150,3,0.9800000190734864,8,0.361556
150,3,0.9800000190734864,8,0.361556
150,2,0.9800000190734864,8,0.353511
150,4,0.9800000190734864,8,0.348267
150,5,0.9800000190734864,8,0.359556
150,2,0.9800000190734864,8,0.345378
150,2,0.9800000190734864,8,0.348533
150,4,0.9800000190734864,8,0.360933
150,2,0.9800000190734864,8,0.350667
150,2,0.9800000190734864,8,0.345556
150,2,0.9800000190734864,8,0.353289
150,4,0.9800000190734864,8,0.357244
150,6,0.9800000190734864,8,0.345111
150,3,0.9800000190734864,8,0.358044
150,6,0.9800000190734864,8,0.347511
150,3,0.9800000190734864,8,0.358444
150,6,0.9800000190734864,8,0.340133
150,4,0.9800000190734864,8,0.35
150,3,0.9800000190734864,8,0.358533
150,3,0.9800000190734864,8,0.353333
150,4,0.9800000190734864,8,0.354978
150,5,0.9800000190734864,8,0.355467
150,4,0.9800000190734864,8,0.353467
150,3,0.9800000190734864,8,0.364222
150,2,0.9800000190734864,8,0.3432
150,3,0.9800000190734864,8,0.366489
150,3,0.9800000190734864,8,0.368889
150,2,0.9800000190734864,8,0.355378
150,3,0.9800000190734864,8,0.362044
150,4,0.9800000190734864,8,0.362
150,6,0.9800000190734864,8,0.335467
150,3,0.9800000190734864,8,0.359644
150,3,0.9800000190734864,8,0.360978
150,5,0.9800000190734864,8,0.355467
150,3,0.9800000190734864,8,0.367067
150,4,0.9800000190734864,8,0.357333
150,2,0.9800000190734864,8,0.342578
150,2,0.9800000190734864,8,0.350889
150,4,0.9800000190734864,8,0.363778
150,4,0.9800000190734864,8,0.359867
150,6,0.9800000190734864,8,0.3424
150,6,0.9800000190734864,8,0.344133
150,4,0.9800000190734864,8,0.361289
150,6,0.9800000190734864,8,0.339733
150,2,0.9800000190734864,8,0.348756
150,5,0.9800000190734864,8,0.348844
150,2,0.9800000190734864,8,0.350533
150,4,0.9800000190734864,8,0.366267
150,6,0.9800000190734864,8,0.337467
150,3,0.9800000190734864,8,0.366222
150,6,0.9800000190734864,8,0.345911
150,2,0.9800000190734864,8,0.352311
150,5,0.9800000190734864,8,0.353644
150,4,0.9800000190734864,8,0.3652
150,4,0.9800000190734864,8,0.356533
150,2,0.9800000190734864,8,0.338622
150,2,0.9800000190734864,8,0.340356
150,5,0.9800000190734864,8,0.346133
150,6,0.9800000190734864,8,0.3436
150,4,0.9800000190734864,8,0.353911
150,6,0.9800000190734864,8,0.345511
150,2,0.9800000190734864,8,0.346711
150,6,0.9800000190734864,8,0.340756
150,3,0.9800000190734864,8,0.363111
150,6,0.9800000190734864,8,0.336978
150,2,0.9800000190734864,8,0.349467
150,6,0.9800000190734864,8,0.345556
150,4,0.9800000190734864,8,0.365378
150,3,0.9800000190734864,8,0.366667
150,3,0.9800000190734864,8,0.363956
150,5,0.9800000190734864,8,0.352844
150,2,0.9800000190734864,8,0.341867
150,4,0.9800000190734864,8,0.356089
150,4,0.9800000190734864,8,0.357022
150,2,0.9800000190734864,8,0.351733
150,3,0.9800000190734864,8,0.366622
150,4,0.9800000190734864,8,0.362711
150,4,0.9800000190734864,8,0.357244
150,2,0.9800000190734864,8,0.346178
150,6,0.9800000190734864,8,0.330667
150,5,0.9800000190734864,8,0.350178
150,5,0.9800000190734864,8,0.348844
150,5,0.9800000190734864,8,0.350222
150,6,0.9800000190734864,8,0.335067
150,6,0.9800000190734864,8,0.343733
150,2,0.9800000190734864,8,0.341778
150,2,0.9800000190734864,8,0.346889
150,3,0.9800000190734864,8,0.360711
150,4,0.9800000190734864,8,0.357644
150,2,0.9800000190734864,8,0.349556
150,3,0.9800000190734864,8,0.3668
150,5,0.9800000190734864,8,0.3472
150,4,0.9800000190734864,8,0.3588
150,2,0.9800000190734864,8,0.345333
150,2,0.9800000190734864,8,0.343867
150,4,0.9800000190734864,8,0.358489
150,5,0.9800000190734864,8,0.354133
150,3,0.9800000190734864,8,0.359867
150,2,0.9800000190734864,8,0.347644
150,2,0.9800000190734864,8,0.338311
150,5,0.9800000190734864,8,0.352578
150,5,0.9800000190734864,8,0.347289
150,2,0.9800000190734864,8,0.338356
150,2,0.9800000190734864,8,0.350089
150,4,0.9800000190734864,8,0.354311
150,3,0.9800000190734864,8,0.364844
150,5,0.9800000190734864,8,0.357156
150,6,0.9800000190734864,8,0.342444
150,3,0.9800000190734864,8,0.376133
150,2,0.9800000190734864,8,0.342844
150,6,0.9800000190734864,8,0.3388
150,6,0.9800000190734864,8,0.336978
150,3,0.9800000190734864,8,0.360267
150,2,0.9800000190734864,8,0.3484
150,5,0.9800000190734864,8,0.347822
150,2,0.9800000190734864,8,0.346044
150,5,0.9800000190734864,8,0.351067
150,5,0.9800000190734864,8,0.353911
150,4,0.9800000190734864,8,0.355067
150,3,0.9800000190734864,8,0.360044
150,6,0.9800000190734864,8,0.336444
150,2,0.9800000190734864,8,0.347556
150,3,0.9800000190734864,8,0.355333
150,6,0.9800000190734864,8,0.337689
150,3,0.9800000190734864,8,0.363911
150,3,0.9800000190734864,8,0.360711
150,5,0.9800000190734864,8,0.348044
150,3,0.9800000190734864,8,0.362133
150,2,0.9800000190734864,8,0.352489
150,4,0.9800000190734864,8,0.356356
150,6,0.9800000190734864,8,0.334222
150,4,0.9800000190734864,8,0.352
150,4,0.9800000190734864,8,0.358356
150,4,0.9800000190734864,8,0.351822
150,2,0.9800000190734864,8,0.348356
150,3,0.9800000190734864,8,0.366756
150,6,0.9800000190734864,8,0.346933
150,3,0.9800000190734864,8,0.3564
150,5,0.9800000190734864,8,0.344222
150,3,0.9800000190734864,8,0.362089
150,2,0.9800000190734864,8,0.348844
150,4,0.9800000190734864,8,0.355111
150,3,0.9800000190734864,8,0.364889
150,4,0.9800000190734864,8,0.348889
150,5,0.9800000190734864,8,0.342889
150,5,0.9800000190734864,8,0.352089
150,5,0.9800000190734864,8,0.351111
150,6,0.9800000190734864,8,0.343778
150,3,0.9800000190734864,8,0.369733
150,2,0.9800000190734864,8,0.352356
150,2,0.9800000190734864,8,0.358222
150,6,0.9800000190734864,8,0.335822
150,6,0.9800000190734864,8,0.337911
150,5,0.9800000190734864,8,0.347733
150,2,0.9800000190734864,8,0.348222
150,6,0.9800000190734864,8,0.342622
150,5,0.9800000190734864,8,0.350533
150,2,0.9800000190734864,8,0.350889
150,5,0.9800000190734864,8,0.345333
150,2,0.9800000190734864,8,0.3496
150,2,0.9800000190734864,8,0.342311
150,4,0.9800000190734864,8,0.352756
150,5,0.9800000190734864,8,0.350756
150,6,0.9800000190734864,8,0.342622
150,2,0.9800000190734864,8,0.346756
150,2,0.9800000190734864,8,0.353867
150,5,0.9800000190734864,8,0.347867
150,4,0.9800000190734864,8,0.358667
150,2,0.9800000190734864,8,0.349511
150,6,0.9800000190734864,8,0.337467
150,5,0.9800000190734864,8,0.352578
150,6,0.9800000190734864,8,0.348356
150,6,0.9800000190734864,8,0.340933
150,6,0.9800000190734864,8,0.338133
150,5,0.9800000190734864,8,0.355733
150,3,0.9800000190734864,8,0.358622
150,6,0.9800000190734864,8,0.345111
150,4,0.9800000190734864,8,0.3588
150,4,0.9800000190734864,8,0.347733
150,3,0.9800000190734864,8,0.372356
150,2,0.9800000190734864,8,0.345644
150,4,0.9800000190734864,8,0.360667
150,5,0.9800000190734864,8,0.356267
150,5,0.9800000190734864,8,0.353911
150,3,0.9800000190734864,8,0.363956
150,2,0.9800000190734864,8,0.357244
150,2,0.9800000190734864,8,0.341689
150,3,0.9800000190734864,8,0.366133
150,4,0.9800000190734864,8,0.365644
150,5,0.9800000190734864,8,0.346444
150,2,0.9800000190734864,8,0.345422
150,2,0.9800000190734864,8,0.347689
150,2,0.9800000190734864,8,0.348133
150,5,0.9800000190734864,8,0.3588
150,3,0.9800000190734864,8,0.370267
150,3,0.9800000190734864,8,0.359467
150,5,0.9800000190734864,8,0.348
150,3,0.9800000190734864,8,0.361422
150,6,0.9800000190734864,8,0.341067
150,5,0.9800000190734864,8,0.348044
150,4,0.9800000190734864,8,0.361867
150,6,0.9800000190734864,8,0.340889
150,2,0.9800000190734864,8,0.346444
150,2,0.9800000190734864,8,0.352267
150,2,0.9800000190734864,8,0.348267
150,2,0.9800000190734864,8,0.344667
150,2,0.9800000190734864,8,0.3416
150,5,0.9800000190734864,8,0.357644
150,2,0.9800000190734864,8,0.3572
150,3,0.9800000190734864,8,0.356267
150,4,0.9800000190734864,8,0.3612
150,5,0.9800000190734864,8,0.349067
150,6,0.9800000190734864,8,0.340178
150,5,0.9800000190734864,8,0.343689
150,5,0.9800000190734864,8,0.346889
150,6,0.9800000190734864,8,0.345467
150,3,0.9800000190734864,8,0.364533
150,5,0.9800000190734864,8,0.347422
150,4,0.9800000190734864,8,0.361867
150,4,0.9800000190734864,8,0.357822
150,6,0.9800000190734864,8,0.3476
150,6,0.9800000190734864,8,0.336089
150,2,0.9800000190734864,8,0.351156
150,2,0.9800000190734864,8,0.351733
150,6,0.9800000190734864,8,0.3416
150,5,0.9800000190734864,8,0.353156
150,2,0.9800000190734864,8,0.342133
150,3,0.9800000190734864,8,0.355733
150,6,0.9800000190734864,8,0.342622
150,3,0.9800000190734864,8,0.363289
150,2,0.9800000190734864,8,0.350578
150,6,0.9800000190734864,8,0.340178
150,2,0.9800000190734864,8,0.347422
150,5,0.9800000190734864,8,0.352444
150,5,0.9800000190734864,8,0.349822
150,5,0.9800000190734864,8,0.352089
150,3,0.9800000190734864,8,0.361333
150,2,0.9800000190734864,8,0.344311
150,3,0.9800000190734864,8,0.363511
150,3,0.9800000190734864,8,0.3628
150,6,0.9800000190734864,8,0.34
150,6,0.9800000190734864,8,0.341689
150,3,0.9800000190734864,8,0.362133
150,4,0.9800000190734864,8,0.357867
150,6,0.9800000190734864,8,0.343911
150,4,0.9800000190734864,8,0.356267
150,5,0.9800000190734864,8,0.360044
150,3,0.9800000190734864,8,0.360578
150,6,0.9800000190734864,8,0.339467
150,2,0.9800000190734864,8,0.348444
150,5,0.9800000190734864,8,0.342844
150,6,0.9800000190734864,8,0.348622
150,4,0.9800000190734864,8,0.362178
150,3,0.9800000190734864,8,0.360222
150,4,0.9800000190734864,8,0.355689
150,5,0.9800000190734864,8,0.344667
150,6,0.9800000190734864,8,0.339689
150,4,0.9800000190734864,8,0.352133
150,4,0.9800000190734864,8,0.358844
150,3,0.9800000190734864,8,0.356311
150,6,0.9800000190734864,8,0.3428
150,2,0.9800000190734864,8,0.342889
150,5,0.9800000190734864,8,0.350222
150,6,0.9800000190734864,8,0.341156
150,3,0.9800000190734864,8,0.365644
150,5,0.9800000190734864,8,0.349244
150,5,0.9800000190734864,8,0.349378
150,2,0.9800000190734864,8,0.333111
150,3,0.9800000190734864,8,0.359422
150,5,0.9800000190734864,8,0.354044
150,2,0.9800000190734864,8,0.356844
150,5,0.9800000190734864,8,0.346133
150,5,0.9800000190734864,8,0.354089
150,2,0.9800000190734864,8,0.3504
150,5,0.9800000190734864,8,0.350267
150,6,0.9800000190734864,8,0.341956
150,5,0.9800000190734864,8,0.349244
150,5,0.9800000190734864,8,0.354222
150,6,0.9800000190734864,8,0.343956
150,5,0.9800000190734864,8,0.348444
150,2,0.9800000190734864,8,0.3552
150,2,0.9800000190734864,8,0.351867
150,4,0.9800000190734864,8,0.354178
150,4,0.9800000190734864,8,0.353733
150,4,0.9800000190734864,8,0.354889
150,2,0.9800000190734864,8,0.355289
150,5,0.9800000190734864,8,0.352578
150,3,0.9800000190734864,8,0.357644
150,6,0.9800000190734864,8,0.3468
150,4,0.9800000190734864,8,0.351778
150,5,0.9800000190734864,8,0.355422
150,4,0.9800000190734864,8,0.366889
150,4,0.9800000190734864,8,0.362578
150,2,0.9800000190734864,8,0.358044
150,4,0.9800000190734864,8,0.359511
150,2,0.9800000190734864,8,0.347644
150,6,0.9800000190734864,8,0.341911
150,3,0.9800000190734864,8,0.371333
150,3,0.9800000190734864,8,0.362978
150,2,0.9800000190734864,8,0.338089
150,6,0.9800000190734864,8,0.339511
150,3,0.9800000190734864,8,0.368978
150,4,0.9800000190734864,8,0.359867
150,2,0.9800000190734864,8,0.352978
150,4,0.9800000190734864,8,0.354933
150,2,0.9800000190734864,8,0.343422
150,5,0.9800000190734864,8,0.351244
150,4,0.9800000190734864,8,0.362711
150,5,0.9800000190734864,8,0.347822
150,6,0.9800000190734864,8,0.345156
150,4,0.9800000190734864,8,0.3616
150,2,0.9800000190734864,8,0.348311
150,4,0.9800000190734864,8,0.363378
150,5,0.9800000190734864,8,0.351733
150,6,0.9800000190734864,8,0.339289
150,3,0.9800000190734864,8,0.360267
150,5,0.9800000190734864,8,0.355467
150,5,0.9800000190734864,8,0.349111
150,2,0.9800000190734864,8,0.343511
150,2,0.9800000190734864,8,0.344044
150,5,0.9800000190734864,8,0.355156
150,6,0.9800000190734864,8,0.343778
150,4,0.9800000190734864,8,0.359956
150,4,0.9800000190734864,8,0.363956
150,5,0.9800000190734864,8,0.350489
150,4,0.9800000190734864,8,0.361733
150,4,0.9800000190734864,8,0.3508
150,5,0.9800000190734864,8,0.352133
150,4,0.9800000190734864,8,0.346889
150,6,0.9800000190734864,8,0.338844
150,2,0.9800000190734864,8,0.3456
150,4,0.9800000190734864,8,0.359911
150,6,0.9800000190734864,8,0.338533
150,5,0.9800000190734864,8,0.350489
150,3,0.9800000190734864,8,0.366889
150,3,0.9800000190734864,8,0.360622
150,5,0.9800000190734864,8,0.350756
150,2,0.9800000190734864,8,0.344489
150,4,0.9800000190734864,8,0.357333
150,5,0.9800000190734864,8,0.348444
150,6,0.9800000190734864,8,0.340978
150,3,0.9800000190734864,8,0.367111
150,5,0.9800000190734864,8,0.350578
150,3,0.9800000190734864,8,0.362089
150,5,0.9800000190734864,8,0.355422
150,2,0.9800000190734864,8,0.350533
150,6,0.9800000190734864,8,0.343422
150,4,0.9800000190734864,8,0.367378
150,6,0.9800000190734864,8,0.343333
150,6,0.9800000190734864,8,0.336533
150,4,0.9800000190734864,8,0.364311
150,5,0.9800000190734864,8,0.343467
150,2,0.9800000190734864,8,0.343467
150,3,0.9800000190734864,8,0.360533
150,6,0.9800000190734864,8,0.344889
150,4,0.9800000190734864,8,0.364978
150,6,0.9800000190734864,8,0.3452
150,4,0.9800000190734864,8,0.353467
150,3,0.9800000190734864,8,0.364756
150,3,0.9800000190734864,8,0.3596
150,2,0.9800000190734864,8,0.351733
150,6,0.9800000190734864,8,0.332711
150,3,0.9800000190734864,8,0.371511
150,2,0.9800000190734864,8,0.339778
150,2,0.9800000190734864,8,0.352178
150,6,0.9800000190734864,8,0.344
150,5,0.9800000190734864,8,0.351911
150,2,0.9800000190734864,8,0.350667
150,6,0.9800000190734864,8,0.3416
150,6,0.9800000190734864,8,0.3484
150,3,0.9800000190734864,8,0.361333
150,5,0.9800000190734864,8,0.348933
150,5,0.9800000190734864,8,0.3576
150,2,0.9800000190734864,8,0.352356
150,6,0.9800000190734864,8,0.342844
150,6,0.9800000190734864,8,0.340222
150,6,0.9800000190734864,8,0.341289
150,2,0.9800000190734864,8,0.351733
150,2,0.9800000190734864,8,0.340089
150,4,0.9800000190734864,8,0.355244
150,3,0.9800000190734864,8,0.366356
150,2,0.9800000190734864,8,0.339333
150,6,0.9800000190734864,8,0.344756
150,3,0.9800000190734864,8,0.354889
150,2,0.9800000190734864,8,0.351378
150,4,0.9800000190734864,8,0.354756
150,3,0.9800000190734864,8,0.355822
150,2,0.9800000190734864,8,0.3408
150,5,0.9800000190734864,8,0.353556
150,6,0.9800000190734864,8,0.336978
150,4,0.9800000190734864,8,0.359467
150,5,0.9800000190734864,8,0.358044
150,6,0.9800000190734864,8,0.338489
150,4,0.9800000190734864,8,0.363822
150,3,0.9800000190734864,8,0.367422
150,6,0.9800000190734864,8,0.340578
150,5,0.9800000190734864,8,0.353956
150,3,0.9800000190734864,8,0.356222
150,3,0.9800000190734864,8,0.363244
150,2,0.9800000190734864,8,0.341244
150,3,0.9800000190734864,8,0.360356
150,3,0.9800000190734864,8,0.360533
150,2,0.9800000190734864,8,0.351378
150,3,0.9800000190734864,8,0.367911
150,5,0.9800000190734864,8,0.348356
150,6,0.9800000190734864,8,0.3468
150,2,0.9800000190734864,8,0.342756
150,4,0.9800000190734864,8,0.362533
150,2,0.9800000190734864,8,0.354133
150,6,0.9800000190734864,8,0.342844
150,2,0.9800000190734864,8,0.352711
150,6,0.9800000190734864,8,0.336267
150,6,0.9800000190734864,8,0.344044
150,5,0.9800000190734864,8,0.357022
150,3,0.9800000190734864,8,0.360667
150,5,0.9800000190734864,8,0.346489
150,2,0.9800000190734864,8,0.3432
150,4,0.9800000190734864,8,0.356089
150,4,0.9800000190734864,8,0.358178
150,6,0.9800000190734864,8,0.340933
150,6,0.9800000190734864,8,0.342489
150,6,0.9800000190734864,8,0.345822
150,6,0.9800000190734864,8,0.343733
150,6,0.9800000190734864,8,0.340444
150,6,0.9800000190734864,8,0.3448
150,5,0.9800000190734864,8,0.354356
150,4,0.9800000190734864,8,0.352756
150,3,0.9800000190734864,8,0.358844
150,3,0.9800000190734864,8,0.356578
150,6,0.9800000190734864,8,0.3424
150,6,0.9800000190734864,8,0.337556
150,6,0.9800000190734864,8,0.344044
150,5,0.9800000190734864,8,0.345067
150,6,0.9800000190734864,8,0.341289
150,6,0.9800000190734864,8,0.338667
150,3,0.9800000190734864,8,0.358311
150,3,0.9800000190734864,8,0.361867
150,2,0.9800000190734864,8,0.358844
150,3,0.9800000190734864,8,0.361467
150,2,0.9800000190734864,8,0.361067
150,5,0.9800000190734864,8,0.346444
150,6,0.9800000190734864,8,0.339511
150,6,0.9800000190734864,8,0.334178
150,5,0.9800000190734864,8,0.353156
150,2,0.9800000190734864,8,0.338489
150,4,0.9800000190734864,8,0.364756
150,6,0.9800000190734864,8,0.346178
150,3,0.9800000190734864,8,0.364889
150,3,0.9800000190734864,8,0.368133
150,6,0.9800000190734864,8,0.340889
150,2,0.9800000190734864,8,0.349822
150,6,0.9800000190734864,8,0.341156
150,4,0.9800000190734864,8,0.3552
150,5,0.9800000190734864,8,0.350667
150,3,0.9800000190734864,8,0.364933
150,3,0.9800000190734864,8,0.362489
150,6,0.9800000190734864,8,0.339067
150,3,0.9800000190734864,8,0.359689
150,5,0.9800000190734864,8,0.348578
150,4,0.9800000190734864,8,0.356222
150,6,0.9800000190734864,8,0.3412
150,3,0.9800000190734864,8,0.362267
150,3,0.9800000190734864,8,0.364622
150,2,0.9800000190734864,8,0.357556
150,2,0.9800000190734864,8,0.353156
150,4,0.9800000190734864,8,0.360267
150,4,0.9800000190734864,8,0.357556
150,6,0.9800000190734864,8,0.340533
150,4,0.9800000190734864,8,0.364622
150,6,0.9800000190734864,8,0.344356
150,3,0.9800000190734864,8,0.363689
150,2,0.9800000190734864,8,0.34
150,4,0.9800000190734864,8,0.356089
150,2,0.9800000190734864,8,0.3544
150,6,0.9800000190734864,8,0.34
150,5,0.9800000190734864,8,0.354267
150,4,0.9800000190734864,8,0.356178
150,5,0.9800000190734864,8,0.353867
150,5,0.9800000190734864,8,0.348444
150,3,0.9800000190734864,8,0.370178
150,5,0.9800000190734864,8,0.357644
150,4,0.9800000190734864,8,0.356267
150,6,0.9800000190734864,8,0.340489
150,4,0.9800000190734864,8,0.360356
150,2,0.9800000190734864,8,0.348133
150,6,0.9800000190734864,8,0.343333
150,4,0.9800000190734864,8,0.358844
150,5,0.9800000190734864,8,0.347911
150,5,0.9800000190734864,8,0.351422
150,2,0.9800000190734864,8,0.346756
150,5,0.9800000190734864,8,0.349156
150,5,0.9800000190734864,8,0.353822
150,6,0.9800000190734864,8,0.339778
150,4,0.9800000190734864,8,0.357289
150,3,0.9800000190734864,8,0.366667
150,2,0.9800000190734864,8,0.353733
150,4,0.9800000190734864,8,0.355467
150,6,0.9800000190734864,8,0.336133
150,6,0.9800000190734864,8,0.346178
150,5,0.9800000190734864,8,0.348978
150,5,0.9800000190734864,8,0.353778
150,4,0.9800000190734864,8,0.353067
150,2,0.9800000190734864,8,0.360044
150,5,0.9800000190734864,8,0.352489
150,2,0.9800000190734864,8,0.347289
150,3,0.9800000190734864,8,0.367289
150,2,0.9800000190734864,8,0.348089
150,3,0.9800000190734864,8,0.362311
150,5,0.9800000190734864,8,0.354133
150,2,0.9800000190734864,8,0.355956
150,2,0.9800000190734864,8,0.355022
150,5,0.9800000190734864,8,0.355467
150,4,0.9800000190734864,8,0.347378
150,2,0.9800000190734864,8,0.336978
150,4,0.9800000190734864,8,0.3568
150,5,0.9800000190734864,8,0.3488
150,5,0.9800000190734864,8,0.351867
150,3,0.9800000190734864,8,0.359689
150,2,0.9800000190734864,8,0.345867
150,3,0.9800000190734864,8,0.368444
150,4,0.9800000190734864,8,0.367956
150,2,0.9800000190734864,8,0.352844
150,3,0.9800000190734864,8,0.361333
150,2,0.9800000190734864,8,0.353956
150,4,0.9800000190734864,8,0.355556
150,5,0.9800000190734864,8,0.349156
150,5,0.9800000190734864,8,0.356667
150,5,0.9800000190734864,8,0.349911
150,6,0.9800000190734864,8,0.343689
150,6,0.9800000190734864,8,0.338044
150,2,0.9800000190734864,8,0.353067
150,3,0.9800000190734864,8,0.364756
150,4,0.9800000190734864,8,0.364133
150,3,0.9800000190734864,8,0.356756
150,6,0.9800000190734864,8,0.344044
150,3,0.9800000190734864,8,0.360978
150,4,0.9800000190734864,8,0.362667
150,4,0.9800000190734864,8,0.358178
150,5,0.9800000190734864,8,0.354978
150,3,0.9800000190734864,8,0.362711
150,3,0.9800000190734864,8,0.3584
150,5,0.9800000190734864,8,0.353156
150,6,0.9800000190734864,8,0.336711
150,4,0.9800000190734864,8,0.357422
150,2,0.9800000190734864,8,0.3512
150,2,0.9800000190734864,8,0.343733
150,5,0.9800000190734864,8,0.353467
150,2,0.9800000190734864,8,0.346756
150,4,0.9800000190734864,8,0.359911
150,2,0.9800000190734864,8,0.346
150,6,0.9800000190734864,8,0.333156
150,5,0.9800000190734864,8,0.345156
150,2,0.9800000190734864,8,0.346533
150,5,0.9800000190734864,8,0.352444
150,5,0.9800000190734864,8,0.3508
150,3,0.9800000190734864,8,0.357467
150,6,0.9800000190734864,8,0.333333
150,3,0.9800000190734864,8,0.359244
150,4,0.9800000190734864,8,0.349733
150,4,0.9800000190734864,8,0.360133
150,2,0.9800000190734864,8,0.354356
150,6,0.9800000190734864,8,0.342222
150,3,0.9800000190734864,8,0.362311
150,4,0.9800000190734864,8,0.357111
150,3,0.9800000190734864,8,0.366933
150,3,0.9800000190734864,8,0.362267
150,4,0.9800000190734864,8,0.357556
150,6,0.9800000190734864,8,0.341289
150,2,0.9800000190734864,8,0.343022
150,3,0.9800000190734864,8,0.363644
150,5,0.9800000190734864,8,0.347822
150,6,0.9800000190734864,8,0.3356
150,4,0.9800000190734864,8,0.359467
150,4,0.9800000190734864,8,0.356178
150,3,0.9800000190734864,8,0.3548
150,2,0.9800000190734864,8,0.346044
150,3,0.9800000190734864,8,0.364844
150,4,0.9800000190734864,8,0.352933
150,2,0.9800000190734864,8,0.353556
150,2,0.9800000190734864,8,0.349644
150,3,0.9800000190734864,8,0.356356
150,5,0.9800000190734864,8,0.353556
150,5,0.9800000190734864,8,0.352222
150,5,0.9800000190734864,8,0.354044
150,3,0.9800000190734864,8,0.362578
150,6,0.9800000190734864,8,0.341422
150,6,0.9800000190734864,8,0.341822
150,5,0.9800000190734864,8,0.355822
150,2,0.9800000190734864,8,0.352933
150,5,0.9800000190734864,8,0.349733
150,5,0.9800000190734864,8,0.355244
150,5,0.9800000190734864,8,0.352933
150,6,0.9800000190734864,8,0.336267
150,6,0.9800000190734864,8,0.348089
150,6,0.9800000190734864,8,0.337156
150,2,0.9800000190734864,8,0.348533
150,5,0.9800000190734864,8,0.345467
150,2,0.9800000190734864,8,0.348889
150,2,0.9800000190734864,8,0.349733
150,6,0.9800000190734864,8,0.34
150,5,0.9800000190734864,8,0.348133
150,5,0.9800000190734864,8,0.349156
150,3,0.9800000190734864,8,0.361067
150,4,0.9800000190734864,8,0.358933
150,3,0.9800000190734864,8,0.3668
150,3,0.9800000190734864,8,0.367467
150,3,0.9800000190734864,8,0.363911
150,4,0.9800000190734864,8,0.356178
150,3,0.9800000190734864,8,0.367556
150,2,0.9800000190734864,8,0.358444
150,6,0.9800000190734864,8,0.346
150,3,0.9800000190734864,8,0.3592
150,3,0.9800000190734864,8,0.370311
150,4,0.9800000190734864,8,0.358578
150,3,0.9800000190734864,8,0.3552
150,2,0.9800000190734864,8,0.353289
150,4,0.9800000190734864,8,0.362178
150,5,0.9800000190734864,8,0.357422
150,3,0.9800000190734864,8,0.367956
150,5,0.9800000190734864,8,0.354667
150,2,0.9800000190734864,8,0.346933
150,2,0.9800000190734864,8,0.344
150,3,0.9800000190734864,8,0.355067
150,4,0.9800000190734864,8,0.363644
150,2,0.9800000190734864,8,0.349111
150,5,0.9800000190734864,8,0.354533
150,6,0.9800000190734864,8,0.333289
150,5,0.9800000190734864,8,0.353556
150,3,0.9800000190734864,8,0.355956
150,2,0.9800000190734864,8,0.346311
150,3,0.9800000190734864,8,0.360711
150,3,0.9800000190734864,8,0.355867
150,5,0.9800000190734864,8,0.346622
150,5,0.9800000190734864,8,0.351467
150,2,0.9800000190734864,8,0.344444
150,5,0.9800000190734864,8,0.349556
150,5,0.9800000190734864,8,0.346978
150,4,0.9800000190734864,8,0.3552
150,3,0.9800000190734864,8,0.356578
150,4,0.9800000190734864,8,0.361244
150,4,0.9800000190734864,8,0.363422
150,2,0.9800000190734864,8,0.341644
150,3,0.9800000190734864,8,0.365822
150,6,0.9800000190734864,8,0.340044
150,3,0.9800000190734864,8,0.362267
150,4,0.9800000190734864,8,0.362889
150,4,0.9800000190734864,8,0.353911
150,6,0.9800000190734864,8,0.337156
150,2,0.9800000190734864,8,0.347022
150,2,0.9800000190734864,8,0.343644
150,6,0.9800000190734864,8,0.341511
150,6,0.9800000190734864,8,0.337778
150,3,0.9800000190734864,8,0.368844
150,3,0.9800000190734864,8,0.361778
150,5,0.9800000190734864,8,0.356489
150,6,0.9800000190734864,8,0.335156
150,2,0.9800000190734864,8,0.347956
150,4,0.9800000190734864,8,0.357289
150,5,0.9800000190734864,8,0.347778
150,3,0.9800000190734864,8,0.363378
150,3,0.9800000190734864,8,0.362089
150,3,0.9800000190734864,8,0.3576
150,4,0.9800000190734864,8,0.363422
150,3,0.9800000190734864,8,0.361867
150,2,0.9800000190734864,8,0.346044
150,5,0.9800000190734864,8,0.348889
150,5,0.9800000190734864,8,0.342356
150,3,0.9800000190734864,8,0.368444
150,6,0.9800000190734864,8,0.340089
150,5,0.9800000190734864,8,0.347511
150,3,0.9800000190734864,8,0.362044
150,5,0.9800000190734864,8,0.3488
150,2,0.9800000190734864,8,0.343511
150,2,0.9800000190734864,8,0.350311
150,2,0.9800000190734864,8,0.349333
150,4,0.9800000190734864,8,0.3592
150,2,0.9800000190734864,8,0.353911
150,6,0.9800000190734864,8,0.341022
150,2,0.9800000190734864,8,0.350311
150,4,0.9800000190734864,8,0.361111
150,3,0.9800000190734864,8,0.364489
150,3,0.9800000190734864,8,0.364667
150,2,0.9800000190734864,8,0.351111
150,4,0.9800000190734864,8,0.350978
150,4,0.9800000190734864,8,0.362578
150,6,0.9800000190734864,8,0.338311
150,3,0.9800000190734864,8,0.358356
150,5,0.9800000190734864,8,0.355467
150,6,0.9800000190734864,8,0.339778
150,3,0.9800000190734864,8,0.364178
150,3,0.9800000190734864,8,0.369822
150,2,0.9800000190734864,8,0.347067
150,2,0.9800000190734864,8,0.344978
150,2,0.9800000190734864,8,0.344756
150,5,0.9800000190734864,8,0.3452
150,3,0.9800000190734864,8,0.3652
150,3,0.9800000190734864,8,0.360178
150,5,0.9800000190734864,8,0.356889
150,3,0.9800000190734864,8,0.366578
150,2,0.9800000190734864,8,0.3568
150,2,0.9800000190734864,8,0.347511
150,2,0.9800000190734864,8,0.352756
150,3,0.9800000190734864,8,0.362533
150,5,0.9800000190734864,8,0.351956
150,6,0.9800000190734864,8,0.341289
150,2,0.9800000190734864,8,0.356133
150,6,0.9800000190734864,8,0.341867
150,6,0.9800000190734864,8,0.339022
150,2,0.9800000190734864,8,0.348844
150,6,0.9800000190734864,8,0.336533
150,2,0.9800000190734864,8,0.356089
150,6,0.9800000190734864,8,0.343467
150,5,0.9800000190734864,8,0.353378
150,5,0.9800000190734864,8,0.349156
150,2,0.9800000190734864,8,0.337911
150,6,0.9800000190734864,8,0.345556
150,4,0.9800000190734864,8,0.353556
150,5,0.9800000190734864,8,0.349511
150,2,0.9800000190734864,8,0.346756
150,3,0.9800000190734864,8,0.365822
150,5,0.9800000190734864,8,0.352933
150,4,0.9800000190734864,8,0.363956
150,5,0.9800000190734864,8,0.362578
150,2,0.9800000190734864,8,0.341333
150,3,0.9800000190734864,8,0.350489
150,2,0.9800000190734864,8,0.3416
150,6,0.9800000190734864,8,0.3408
150,6,0.9800000190734864,8,0.343867
150,3,0.9800000190734864,8,0.3668
150,3,0.9800000190734864,8,0.352267
150,4,0.9800000190734864,8,0.359333
150,2,0.9800000190734864,8,0.343378
150,2,0.9800000190734864,8,0.340711
150,5,0.9800000190734864,8,0.350133
150,6,0.9800000190734864,8,0.343733
150,2,0.9800000190734864,8,0.3404
150,3,0.9800000190734864,8,0.361244
150,2,0.9800000190734864,8,0.351644
150,5,0.9800000190734864,8,0.353422
150,3,0.9800000190734864,8,0.355733
150,4,0.9800000190734864,8,0.357911
150,6,0.9800000190734864,8,0.338844
150,4,0.9800000190734864,8,0.361422
150,4,0.9800000190734864,8,0.3604
150,2,0.9800000190734864,8,0.349156
150,2,0.9800000190734864,8,0.360844
150,2,0.9800000190734864,8,0.344844
150,3,0.9800000190734864,8,0.366978
150,2,0.9800000190734864,8,0.346933
150,6,0.9800000190734864,8,0.337956
150,4,0.9800000190734864,8,0.359289
150,4,0.9800000190734864,8,0.356089
150,4,0.9800000190734864,8,0.352622
150,4,0.9800000190734864,8,0.360533
150,3,0.9800000190734864,8,0.362311
150,2,0.9800000190734864,8,0.350889
150,5,0.9800000190734864,8,0.355333
150,2,0.9800000190734864,8,0.352
150,6,0.9800000190734864,8,0.341911
150,5,0.9800000190734864,8,0.357156
150,3,0.9800000190734864,8,0.372178
150,4,0.9800000190734864,8,0.356178
150,5,0.9800000190734864,8,0.356533
150,5,0.9800000190734864,8,0.351778
150,4,0.9800000190734864,8,0.357511
150,2,0.9800000190734864,8,0.362
150,3,0.9800000190734864,8,0.3528
150,6,0.9800000190734864,8,0.3476
150,3,0.9800000190734864,8,0.361022
150,2,0.9800000190734864,8,0.350667
150,3,0.9800000190734864,8,0.357733
150,4,0.9800000190734864,8,0.3656
150,6,0.9800000190734864,8,0.3392
150,4,0.9800000190734864,8,0.365022
150,3,0.9800000190734864,8,0.353022
150,5,0.9800000190734864,8,0.352267
150,4,0.9800000190734864,8,0.364889
150,6,0.9800000190734864,8,0.343689
150,2,0.9800000190734864,8,0.348089
150,5,0.9800000190734864,8,0.347289
150,3,0.9800000190734864,8,0.366044
150,3,0.9800000190734864,8,0.3604
150,6,0.9800000190734864,8,0.343022
150,5,0.9800000190734864,8,0.355289
150,6,0.9800000190734864,8,0.336933
150,3,0.9800000190734864,8,0.370044
150,2,0.9800000190734864,8,0.352978
150,2,0.9800000190734864,8,0.348711
150,5,0.9800000190734864,8,0.353911
150,2,0.9800000190734864,8,0.357067
150,2,0.9800000190734864,8,0.349689
150,5,0.9800000190734864,8,0.351956
150,5,0.9800000190734864,8,0.347867
150,2,0.9800000190734864,8,0.351289
150,5,0.9800000190734864,8,0.355911
150,2,0.9800000190734864,8,0.349689
150,3,0.9800000190734864,8,0.362311
150,5,0.9800000190734864,8,0.349022
150,3,0.9800000190734864,8,0.357867
150,2,0.9800000190734864,8,0.349333
150,3,0.9800000190734864,8,0.368222
150,2,0.9800000190734864,8,0.348
150,2,0.9800000190734864,8,0.3516
150,2,0.9800000190734864,8,0.352133
150,4,0.9800000190734864,8,0.3612
150,5,0.9800000190734864,8,0.3568
150,3,0.9800000190734864,8,0.353911
150,5,0.9800000190734864,8,0.353111
150,4,0.9800000190734864,8,0.352711
150,3,0.9800000190734864,8,0.366133
150,2,0.9800000190734864,8,0.344044
150,2,0.9800000190734864,8,0.350533
150,5,0.9800000190734864,8,0.3536
150,4,0.9800000190734864,8,0.349778
150,5,0.9800000190734864,8,0.351467
150,3,0.9800000190734864,8,0.357022
150,3,0.9800000190734864,8,0.3616
150,5,0.9800000190734864,8,0.351956
150,6,0.9800000190734864,8,0.344178
150,3,0.9800000190734864,8,0.367111
150,4,0.9800000190734864,8,0.357822
150,6,0.9800000190734864,8,0.335244
150,2,0.9800000190734864,8,0.339956
150,2,0.9800000190734864,8,0.365644
150,2,0.9800000190734864,8,0.356667
150,2,0.9800000190734864,8,0.3532
150,5,0.9800000190734864,8,0.350756
150,6,0.9800000190734864,8,0.348978
150,3,0.9800000190734864,8,0.363689
150,5,0.9800000190734864,8,0.3468
150,2,0.9800000190734864,8,0.352
150,5,0.9800000190734864,8,0.348889
150,6,0.9800000190734864,8,0.345822
150,3,0.9800000190734864,8,0.363467
150,2,0.9800000190734864,8,0.348622
150,2,0.9800000190734864,8,0.360978
150,2,0.9800000190734864,8,0.356267
150,4,0.9800000190734864,8,0.354311
150,6,0.9800000190734864,8,0.338533
150,6,0.9800000190734864,8,0.341511
150,5,0.9800000190734864,8,0.353378
150,4,0.9800000190734864,8,0.360133
150,4,0.9800000190734864,8,0.3592
150,5,0.9800000190734864,8,0.350711
150,2,0.9800000190734864,8,0.358978
150,2,0.9800000190734864,8,0.351422
150,6,0.9800000190734864,8,0.340978
150,4,0.9800000190734864,8,0.357467
150,2,0.9800000190734864,8,0.347733
150,6,0.9800000190734864,8,0.339689
150,3,0.9800000190734864,8,0.354
150,2,0.9800000190734864,8,0.350933
150,2,0.9800000190734864,8,0.346222
150,4,0.9800000190734864,8,0.352889
150,3,0.9800000190734864,8,0.365644
150,3,0.9800000190734864,8,0.362756
150,3,0.9800000190734864,8,0.363156
150,3,0.9800000190734864,8,0.363156
150,2,0.9800000190734864,8,0.336933
150,2,0.9800000190734864,8,0.348933
150,5,0.9800000190734864,8,0.349867
150,6,0.9800000190734864,8,0.340489
150,6,0.9800000190734864,8,0.345733
150,4,0.9800000190734864,8,0.356933
150,5,0.9800000190734864,8,0.346489
150,4,0.9800000190734864,8,0.348933
150,4,0.9800000190734864,8,0.360444
150,5,0.9800000190734864,8,0.355778
150,4,0.9800000190734864,8,0.357733
150,4,0.9800000190734864,8,0.361289
150,4,0.9800000190734864,8,0.359378
150,5,0.9800000190734864,8,0.3544
150,4,0.9800000190734864,8,0.360844
150,2,0.9800000190734864,8,0.337956
150,3,0.9800000190734864,8,0.360444
150,2,0.9800000190734864,8,0.352578
150,3,0.9800000190734864,8,0.365022
150,3,0.9800000190734864,8,0.3612
150,3,0.9800000190734864,8,0.366889
150,2,0.9800000190734864,8,0.343333
150,4,0.9800000190734864,8,0.349067
150,5,0.9800000190734864,8,0.3532
150,2,0.9800000190734864,8,0.348933
150,4,0.9800000190734864,8,0.364667
150,6,0.9800000190734864,8,0.338756
150,2,0.9800000190734864,8,0.347333
150,2,0.9800000190734864,8,0.357156
150,6,0.9800000190734864,8,0.337556
150,6,0.9800000190734864,8,0.340533
150,2,0.9800000190734864,8,0.344667
150,6,0.9800000190734864,8,0.341911
150,3,0.9800000190734864,8,0.369111
150,4,0.9800000190734864,8,0.363333
150,3,0.9800000190734864,8,0.365644
150,6,0.9800000190734864,8,0.339867
150,6,0.9800000190734864,8,0.335422
150,5,0.9800000190734864,8,0.349022
150,6,0.9800000190734864,8,0.342267
150,3,0.9800000190734864,8,0.363911
150,2,0.9800000190734864,8,0.338978
150,5,0.9800000190734864,8,0.348178
150,4,0.9800000190734864,8,0.360978
150,2,0.9800000190734864,8,0.344711
150,4,0.9800000190734864,8,0.3524
150,5,0.9800000190734864,8,0.348622
150,2,0.9800000190734864,8,0.3428
150,4,0.9800000190734864,8,0.357556
150,4,0.9800000190734864,8,0.359067
150,4,0.9800000190734864,8,0.351244
150,6,0.9800000190734864,8,0.349156
150,6,0.9800000190734864,8,0.3384
150,4,0.9800000190734864,8,0.359511
150,4,0.9800000190734864,8,0.3608
150,2,0.9800000190734864,8,0.352178
150,6,0.9800000190734864,8,0.343822
150,2,0.9800000190734864,8,0.342267
150,3,0.9800000190734864,8,0.363244
150,2,0.9800000190734864,8,0.3412
150,3,0.9800000190734864,8,0.364667
150,2,0.9800000190734864,8,0.348
150,2,0.9800000190734864,8,0.352444
150,3,0.9800000190734864,8,0.364933
150,5,0.9800000190734864,8,0.351289
150,3,0.9800000190734864,8,0.3544
150,3,0.9800000190734864,8,0.359289
150,2,0.9800000190734864,8,0.344222
150,6,0.9800000190734864,8,0.341511
150,3,0.9800000190734864,8,0.358222
150,6,0.9800000190734864,8,0.338044
150,5,0.9800000190734864,8,0.347467
150,5,0.9800000190734864,8,0.346444
150,5,0.9800000190734864,8,0.346444
150,3,0.9800000190734864,8,0.363556
150,5,0.9800000190734864,8,0.347867
150,4,0.9800000190734864,8,0.355467
150,6,0.9800000190734864,8,0.339111
150,3,0.9800000190734864,8,0.364889
150,5,0.9800000190734864,8,0.351689
150,2,0.9800000190734864,8,0.3464
150,3,0.9800000190734864,8,0.361467
150,3,0.9800000190734864,8,0.359067
150,6,0.9800000190734864,8,0.342444
150,6,0.9800000190734864,8,0.344444
150,6,0.9800000190734864,8,0.338578
150,6,0.9800000190734864,8,0.347778
150,5,0.9800000190734864,8,0.344267
150,5,0.9800000190734864,8,0.357422
150,3,0.9800000190734864,8,0.356622
150,6,0.9800000190734864,8,0.339511
150,4,0.9800000190734864,8,0.356711
150,6,0.9800000190734864,8,0.343333
150,6,0.9800000190734864,8,0.336267
150,6,0.9800000190734864,8,0.335156
150,5,0.9800000190734864,8,0.346222
150,2,0.9800000190734864,8,0.346756
150,3,0.9800000190734864,8,0.366222
150,4,0.9800000190734864,8,0.362889
150,3,0.9800000190734864,8,0.372489
150,5,0.9800000190734864,8,0.352178
150,5,0.9800000190734864,8,0.349333
150,2,0.9800000190734864,8,0.347156
150,5,0.9800000190734864,8,0.352311
150,3,0.9800000190734864,8,0.361689
150,5,0.9800000190734864,8,0.349467
150,6,0.9800000190734864,8,0.3416
150,2,0.9800000190734864,8,0.354711
150,3,0.9800000190734864,8,0.356133
150,3,0.9800000190734864,8,0.359289
150,5,0.9800000190734864,8,0.355644
150,6,0.9800000190734864,8,0.337511
150,4,0.9800000190734864,8,0.359778
150,6,0.9800000190734864,8,0.332
150,2,0.9800000190734864,8,0.3564
150,5,0.9800000190734864,8,0.347244
150,6,0.9800000190734864,8,0.335511
150,5,0.9800000190734864,8,0.354533
150,4,0.9800000190734864,8,0.357956
150,4,0.9800000190734864,8,0.357244
150,6,0.9800000190734864,8,0.341289
150,4,0.9800000190734864,8,0.358044
150,5,0.9800000190734864,8,0.350133
150,2,0.9800000190734864,8,0.348533
150,5,0.9800000190734864,8,0.3448
150,4,0.9800000190734864,8,0.356978
150,3,0.9800000190734864,8,0.359911
150,4,0.9800000190734864,8,0.359556
150,6,0.9800000190734864,8,0.340267
150,3,0.9800000190734864,8,0.361644
150,6,0.9800000190734864,8,0.339778
150,2,0.9800000190734864,8,0.342533
150,4,0.9800000190734864,8,0.354044
150,4,0.9800000190734864,8,0.360622
150,5,0.9800000190734864,8,0.347022
150,2,0.9800000190734864,8,0.341556
150,5,0.9800000190734864,8,0.351333
150,3,0.9800000190734864,8,0.364933
150,2,0.9800000190734864,8,0.347333
150,4,0.9800000190734864,8,0.355156
150,4,0.9800000190734864,8,0.363289
150,2,0.9800000190734864,8,0.355556
150,3,0.9800000190734864,8,0.359867
150,6,0.9800000190734864,8,0.3408
150,6,0.9800000190734864,8,0.3412
150,3,0.9800000190734864,8,0.368089
150,5,0.9800000190734864,8,0.355022
150,4,0.9800000190734864,8,0.359778
150,6,0.9800000190734864,8,0.342933
150,3,0.9800000190734864,8,0.365244
150,4,0.9800000190734864,8,0.353733
150,5,0.9800000190734864,8,0.354533
150,2,0.9800000190734864,8,0.353333
150,5,0.9800000190734864,8,0.348267
150,3,0.9800000190734864,8,0.366622
150,3,0.9800000190734864,8,0.360622
150,2,0.9800000190734864,8,0.3488
150,6,0.9800000190734864,8,0.339111
150,6,0.9800000190734864,8,0.340978
150,2,0.9800000190734864,8,0.350178
150,4,0.9800000190734864,8,0.358667
150,6,0.9800000190734864,8,0.344933
150,6,0.9800000190734864,8,0.347867
150,3,0.9800000190734864,8,0.360978
150,4,0.9800000190734864,8,0.354444
150,2,0.9800000190734864,8,0.364
150,2,0.9800000190734864,8,0.338356
150,6,0.9800000190734864,8,0.338889
150,5,0.9800000190734864,8,0.349067
150,3,0.9800000190734864,8,0.364356
150,2,0.9800000190734864,8,0.3532
150,3,0.9800000190734864,8,0.362711
150,6,0.9800000190734864,8,0.341333
150,4,0.9800000190734864,8,0.354356
150,5,0.9800000190734864,8,0.348222
150,6,0.9800000190734864,8,0.342356
150,5,0.9800000190734864,8,0.349733
150,6,0.9800000190734864,8,0.342267
150,2,0.9800000190734864,8,0.346267
150,2,0.9800000190734864,8,0.347111
150,5,0.9800000190734864,8,0.353422
150,5,0.9800000190734864,8,0.348267
150,6,0.9800000190734864,8,0.3464
150,2,0.9800000190734864,8,0.349289
150,3,0.9800000190734864,8,0.364711
150,5,0.9800000190734864,8,0.348444
150,4,0.9800000190734864,8,0.354622
150,2,0.9800000190734864,8,0.341289
150,6,0.9800000190734864,8,0.333333
150,5,0.9800000190734864,8,0.3516
150,3,0.9800000190734864,8,0.357956
150,4,0.9800000190734864,8,0.351956
150,4,0.9800000190734864,8,0.3656
150,4,0.9800000190734864,8,0.354178
150,4,0.9800000190734864,8,0.360089
150,6,0.9800000190734864,8,0.341778
150,4,0.9800000190734864,8,0.354489
150,5,0.9800000190734864,8,0.349733
150,4,0.9800000190734864,8,0.356978
150,4,0.9800000190734864,8,0.355289
150,6,0.9800000190734864,8,0.337911
150,5,0.9800000190734864,8,0.349156
150,6,0.9800000190734864,8,0.342667
150,6,0.9800000190734864,8,0.344756
150,4,0.9800000190734864,8,0.355956
150,3,0.9800000190734864,8,0.358756
150,6,0.9800000190734864,8,0.3404
150,2,0.9800000190734864,8,0.344133
150,6,0.9800000190734864,8,0.339244
150,5,0.9800000190734864,8,0.3472
150,4,0.9800000190734864,8,0.356311
150,3,0.9800000190734864,8,0.365822
150,6,0.9800000190734864,8,0.3384
150,4,0.9800000190734864,8,0.357867
150,6,0.9800000190734864,8,0.343733
150,4,0.9800000190734864,8,0.354578
150,3,0.9800000190734864,8,0.3596
150,3,0.9800000190734864,8,0.365733
150,4,0.9800000190734864,8,0.362044
150,6,0.9800000190734864,8,0.335733
150,4,0.9800000190734864,8,0.362
150,2,0.9800000190734864,8,0.346444
150,6,0.9800000190734864,8,0.342711
150,2,0.9800000190734864,8,0.346311
150,4,0.9800000190734864,8,0.349244
150,3,0.9800000190734864,8,0.356844
150,3,0.9800000190734864,8,0.350844
150,5,0.9800000190734864,8,0.356533
150,3,0.9800000190734864,8,0.360089
150,4,0.9800000190734864,8,0.359022
150,5,0.9800000190734864,8,0.349111
150,4,0.9800000190734864,8,0.361956
150,2,0.9800000190734864,8,0.352
150,3,0.9800000190734864,8,0.361111
150,4,0.9800000190734864,8,0.3616
150,2,0.9800000190734864,8,0.347067
150,4,0.9800000190734864,8,0.358356
150,3,0.9800000190734864,8,0.358
150,5,0.9800000190734864,8,0.352844
150,4,0.9800000190734864,8,0.365867
150,3,0.9800000190734864,8,0.364356
150,3,0.9800000190734864,8,0.367689
150,6,0.9800000190734864,8,0.342533
150,4,0.9800000190734864,8,0.3676
150,6,0.9800000190734864,8,0.347733
150,5,0.9800000190734864,8,0.352044
150,3,0.9800000190734864,8,0.361556
150,5,0.9800000190734864,8,0.360311
150,5,0.9800000190734864,8,0.352222
150,4,0.9800000190734864,8,0.358533
150,4,0.9800000190734864,8,0.359733
150,5,0.9800000190734864,8,0.344578
150,5,0.9800000190734864,8,0.359822
150,6,0.9800000190734864,8,0.337867
150,6,0.9800000190734864,8,0.337733
150,5,0.9800000190734864,8,0.344622
150,6,0.9800000190734864,8,0.342622
150,3,0.9800000190734864,8,0.370356
150,3,0.9800000190734864,8,0.371333
150,3,0.9800000190734864,8,0.362267
150,6,0.9800000190734864,8,0.3404
150,4,0.9800000190734864,8,0.353911
150,6,0.9800000190734864,8,0.346044
150,3,0.9800000190734864,8,0.353733
150,4,0.9800000190734864,8,0.364133
150,3,0.9800000190734864,8,0.364756
150,5,0.9800000190734864,8,0.350044
150,4,0.9800000190734864,8,0.357467
150,3,0.9800000190734864,8,0.361289
150,2,0.9800000190734864,8,0.356089
150,2,0.9800000190734864,8,0.349067
150,3,0.9800000190734864,8,0.363511
150,5,0.9800000190734864,8,0.351022
150,3,0.9800000190734864,8,0.362
150,5,0.9800000190734864,8,0.354089
150,4,0.9800000190734864,8,0.362356
150,6,0.9800000190734864,8,0.344711
150,3,0.9800000190734864,8,0.361333
150,4,0.9800000190734864,8,0.359733
150,3,0.9800000190734864,8,0.355556
150,4,0.9800000190734864,8,0.358933
150,4,0.9800000190734864,8,0.357556
150,6,0.9800000190734864,8,0.345733
150,2,0.9800000190734864,8,0.352222
150,6,0.9800000190734864,8,0.340356
150,6,0.9800000190734864,8,0.346489
150,3,0.9800000190734864,8,0.359289
150,2,0.9800000190734864,8,0.343156
150,3,0.9800000190734864,8,0.360889
150,3,0.9800000190734864,8,0.365422
150,3,0.9800000190734864,8,0.365156
150,4,0.9800000190734864,8,0.347644
150,5,0.9800000190734864,8,0.353511
150,3,0.9800000190734864,8,0.364489
150,2,0.9800000190734864,8,0.355956
150,2,0.9800000190734864,8,0.357467
150,2,0.9800000190734864,8,0.354133
150,6,0.9800000190734864,8,0.349956
150,2,0.9800000190734864,8,0.341111
150,4,0.9800000190734864,8,0.359111
150,2,0.9800000190734864,8,0.355689
150,3,0.9800000190734864,8,0.362267
150,5,0.9800000190734864,8,0.358667
150,4,0.9800000190734864,8,0.363467
150,6,0.9800000190734864,8,0.348178
150,5,0.9800000190734864,8,0.358622
150,5,0.9800000190734864,8,0.354267
150,6,0.9800000190734864,8,0.341867
150,4,0.9800000190734864,8,0.361511
150,2,0.9800000190734864,8,0.343733
150,2,0.9800000190734864,8,0.336133
150,6,0.9800000190734864,8,0.3452
150,6,0.9800000190734864,8,0.342756
150,5,0.9800000190734864,8,0.352667
150,3,0.9800000190734864,8,0.374711
150,2,0.9800000190734864,8,0.340933
150,6,0.9800000190734864,8,0.346978
150,4,0.9800000190734864,8,0.3568
150,3,0.9800000190734864,8,0.3612
150,6,0.9800000190734864,8,0.3428
150,2,0.9800000190734864,8,0.3492
150,4,0.9800000190734864,8,0.362044
150,6,0.9800000190734864,8,0.343378
150,4,0.9800000190734864,8,0.355422
150,3,0.9800000190734864,8,0.364356
150,3,0.9800000190734864,8,0.369822
150,2,0.9800000190734864,8,0.351422
150,5,0.9800000190734864,8,0.349422
150,3,0.9800000190734864,8,0.358044
150,4,0.9800000190734864,8,0.356089
150,3,0.9800000190734864,8,0.354711
150,3,0.9800000190734864,8,0.362089
150,2,0.9800000190734864,8,0.3488
150,4,0.9800000190734864,8,0.357644
150,4,0.9800000190734864,8,0.350889
150,4,0.9800000190734864,8,0.355244
150,2,0.9800000190734864,8,0.344311
150,4,0.9800000190734864,8,0.353644
150,2,0.9800000190734864,8,0.343289
150,3,0.9800000190734864,8,0.361156
150,4,0.9800000190734864,8,0.360533
150,5,0.9800000190734864,8,0.354044
150,5,0.9800000190734864,8,0.350578
150,5,0.9800000190734864,8,0.351822
150,5,0.9800000190734864,8,0.355911
150,6,0.9800000190734864,8,0.337244
150,4,0.9800000190734864,8,0.364533
150,3,0.9800000190734864,8,0.360178
150,5,0.9800000190734864,8,0.348667
150,2,0.9800000190734864,8,0.340222
150,3,0.9800000190734864,8,0.367022
150,4,0.9800000190734864,8,0.362444
150,5,0.9800000190734864,8,0.354533
150,4,0.9800000190734864,8,0.351867
150,3,0.9800000190734864,8,0.3612
150,2,0.9800000190734864,8,0.350533
150,6,0.9800000190734864,8,0.336667
150,6,0.9800000190734864,8,0.342089
150,5,0.9800000190734864,8,0.345022
150,5,0.9800000190734864,8,0.346667
150,3,0.9800000190734864,8,0.352667
150,6,0.9800000190734864,8,0.343911
150,5,0.9800000190734864,8,0.352089
150,4,0.9800000190734864,8,0.359644
150,2,0.9800000190734864,8,0.349422
150,4,0.9800000190734864,8,0.354133
150,3,0.9800000190734864,8,0.366622
150,3,0.9800000190734864,8,0.363689
150,6,0.9800000190734864,8,0.338711
150,2,0.9800000190734864,8,0.358178
150,5,0.9800000190734864,8,0.349244
150,5,0.9800000190734864,8,0.354044
150,5,0.9800000190734864,8,0.356311
150,2,0.9800000190734864,8,0.353244
150,4,0.9800000190734864,8,0.359778
150,6,0.9800000190734864,8,0.344311
150,4,0.9800000190734864,8,0.362
150,3,0.9800000190734864,8,0.363956
150,4,0.9800000190734864,8,0.355244
150,3,0.9800000190734864,8,0.359689
150,5,0.9800000190734864,8,0.344533
150,4,0.9800000190734864,8,0.354844
150,4,0.9800000190734864,8,0.3604
150,3,0.9800000190734864,8,0.364311
150,5,0.9800000190734864,8,0.355867
150,2,0.9800000190734864,8,0.352222
150,4,0.9800000190734864,8,0.355289
150,6,0.9800000190734864,8,0.334533
150,6,0.9800000190734864,8,0.343067
150,3,0.9800000190734864,8,0.365422
150,3,0.9800000190734864,8,0.37
150,3,0.9800000190734864,8,0.358756
150,5,0.9800000190734864,8,0.351156
150,4,0.9800000190734864,8,0.354444
150,3,0.9800000190734864,8,0.358222
150,3,0.9800000190734864,8,0.367956
150,6,0.9800000190734864,8,0.346444
150,4,0.9800000190734864,8,0.352844
150,3,0.9800000190734864,8,0.361956
150,2,0.9800000190734864,8,0.347733
150,3,0.9800000190734864,8,0.3532
150,6,0.9800000190734864,8,0.336222
150,4,0.9800000190734864,8,0.350711
150,2,0.9800000190734864,8,0.362889
150,5,0.9800000190734864,8,0.354356
150,2,0.9800000190734864,8,0.345289
150,5,0.9800000190734864,8,0.3448
150,6,0.9800000190734864,8,0.3416
150,3,0.9800000190734864,8,0.360444
150,6,0.9800000190734864,8,0.341733
150,5,0.9800000190734864,8,0.347822
150,3,0.9800000190734864,8,0.364667
150,2,0.9800000190734864,8,0.346667
150,4,0.9800000190734864,8,0.359067
150,2,0.9800000190734864,8,0.340978
150,3,0.9800000190734864,8,0.3604
150,6,0.9800000190734864,8,0.341689
150,3,0.9800000190734864,8,0.362533
150,3,0.9800000190734864,8,0.359778
150,2,0.9800000190734864,8,0.338844
150,4,0.9800000190734864,8,0.360044
150,5,0.9800000190734864,8,0.349333
150,3,0.9800000190734864,8,0.366711
150,2,0.9800000190734864,8,0.352311
150,2,0.9800000190734864,8,0.347022
150,6,0.9800000190734864,8,0.338178
150,2,0.9800000190734864,8,0.351956
150,4,0.9800000190734864,8,0.355733
150,6,0.9800000190734864,8,0.337911
150,3,0.9800000190734864,8,0.368222
150,3,0.9800000190734864,8,0.361956
150,6,0.9800000190734864,8,0.339422
150,5,0.9800000190734864,8,0.347156
150,3,0.9800000190734864,8,0.359422
150,5,0.9800000190734864,8,0.343822
150,6,0.9800000190734864,8,0.335644
150,6,0.9800000190734864,8,0.343111
150,2,0.9800000190734864,8,0.344533
150,4,0.9800000190734864,8,0.358622
150,3,0.9800000190734864,8,0.364667
150,2,0.9800000190734864,8,0.351511
150,4,0.9800000190734864,8,0.361022
150,6,0.9800000190734864,8,0.345644
150,2,0.9800000190734864,8,0.342667
150,6,0.9800000190734864,8,0.341644
150,2,0.9800000190734864,8,0.345244
150,6,0.9800000190734864,8,0.335644
150,4,0.9800000190734864,8,0.362889
150,5,0.9800000190734864,8,0.357378
150,3,0.9800000190734864,8,0.364178
150,2,0.9800000190734864,8,0.346444
150,4,0.9800000190734864,8,0.363111
150,3,0.9800000190734864,8,0.3564
150,4,0.9800000190734864,8,0.3564
150,2,0.9800000190734864,8,0.353822
150,2,0.9800000190734864,8,0.349644
150,3,0.9800000190734864,8,0.360044
150,4,0.9800000190734864,8,0.358044
150,3,0.9800000190734864,8,0.362267
150,5,0.9800000190734864,8,0.355022
150,2,0.9800000190734864,8,0.356667
150,2,0.9800000190734864,8,0.350978
150,4,0.9800000190734864,8,0.355822
150,2,0.9800000190734864,8,0.358444
150,5,0.9800000190734864,8,0.343822
150,4,0.9800000190734864,8,0.3536
150,4,0.9800000190734864,8,0.362267
150,5,0.9800000190734864,8,0.355244
150,4,0.9800000190734864,8,0.362978
150,3,0.9800000190734864,8,0.361556
150,4,0.9800000190734864,8,0.362933
150,6,0.9800000190734864,8,0.339689
150,5,0.9800000190734864,8,0.345244
150,5,0.9800000190734864,8,0.348978
150,2,0.9800000190734864,8,0.347911
150,6,0.9800000190734864,8,0.3404
150,4,0.9800000190734864,8,0.355467
150,6,0.9800000190734864,8,0.342089
150,5,0.9800000190734864,8,0.3548
150,6,0.9800000190734864,8,0.342356
150,3,0.9800000190734864,8,0.354889
150,4,0.9800000190734864,8,0.349822
150,3,0.9800000190734864,8,0.367511
150,5,0.9800000190734864,8,0.3528
150,3,0.9800000190734864,8,0.360622
150,3,0.9800000190734864,8,0.371822
150,6,0.9800000190734864,8,0.342178
150,6,0.9800000190734864,8,0.342667
150,2,0.9800000190734864,8,0.3492
150,3,0.9800000190734864,8,0.364133
150,5,0.9800000190734864,8,0.354978
150,2,0.9800000190734864,8,0.344311
150,2,0.9800000190734864,8,0.360844
150,2,0.9800000190734864,8,0.342933
150,3,0.9800000190734864,8,0.367644
150,3,0.9800000190734864,8,0.363333
150,5,0.9800000190734864,8,0.348133
150,3,0.9800000190734864,8,0.352489
150,6,0.9800000190734864,8,0.343822
150,3,0.9800000190734864,8,0.364178
150,5,0.9800000190734864,8,0.346933
150,6,0.9800000190734864,8,0.342978
150,6,0.9800000190734864,8,0.3396
150,5,0.9800000190734864,8,0.355511
150,6,0.9800000190734864,8,0.3336
150,6,0.9800000190734864,8,0.345022
150,6,0.9800000190734864,8,0.342533
150,6,0.9800000190734864,8,0.339689
150,3,0.9800000190734864,8,0.362356
150,4,0.9800000190734864,8,0.356533
150,3,0.9800000190734864,8,0.366311
150,4,0.9800000190734864,8,0.362267
150,5,0.9800000190734864,8,0.349067
150,2,0.9800000190734864,8,0.351911
150,6,0.9800000190734864,8,0.332356
150,4,0.9800000190734864,8,0.352
150,2,0.9800000190734864,8,0.347111
150,6,0.9800000190734864,8,0.332667
150,6,0.9800000190734864,8,0.350711
150,3,0.9800000190734864,8,0.351867
150,3,0.9800000190734864,8,0.366444
150,3,0.9800000190734864,8,0.3556
150,6,0.9800000190734864,8,0.341156
150,6,0.9800000190734864,8,0.340844
150,3,0.9800000190734864,8,0.3672
150,3,0.9800000190734864,8,0.358489
150,4,0.9800000190734864,8,0.363378
150,2,0.9800000190734864,8,0.354356
150,4,0.9800000190734864,8,0.358667
150,6,0.9800000190734864,8,0.340044
150,6,0.9800000190734864,8,0.340267
150,3,0.9800000190734864,8,0.358889
150,4,0.9800000190734864,8,0.353467
150,4,0.9800000190734864,8,0.359956
150,3,0.9800000190734864,8,0.356844
150,2,0.9800000190734864,8,0.342889
150,5,0.9800000190734864,8,0.353511
150,3,0.9800000190734864,8,0.367422
150,3,0.9800000190734864,8,0.3544
150,2,0.9800000190734864,8,0.354711
150,3,0.9800000190734864,8,0.366267
150,6,0.9800000190734864,8,0.335244
150,3,0.9800000190734864,8,0.359378
150,2,0.9800000190734864,8,0.336444
150,2,0.9800000190734864,8,0.3532
150,2,0.9800000190734864,8,0.347289
150,3,0.9800000190734864,8,0.362311
150,6,0.9800000190734864,8,0.341467
150,3,0.9800000190734864,8,0.363467
150,2,0.9800000190734864,8,0.348533
150,2,0.9800000190734864,8,0.340978
150,4,0.9800000190734864,8,0.353333
150,6,0.9800000190734864,8,0.341556
150,3,0.9800000190734864,8,0.356533
150,3,0.9800000190734864,8,0.361511
150,4,0.9800000190734864,8,0.362933
150,2,0.9800000190734864,8,0.341778
150,6,0.9800000190734864,8,0.343867
150,4,0.9800000190734864,8,0.3552
150,6,0.9800000190734864,8,0.333911
150,3,0.9800000190734864,8,0.3592
150,4,0.9800000190734864,8,0.357067
150,4,0.9800000190734864,8,0.355111
150,5,0.9800000190734864,8,0.355511
150,3,0.9800000190734864,8,0.362889
150,5,0.9800000190734864,8,0.350756
150,5,0.9800000190734864,8,0.349778
150,4,0.9800000190734864,8,0.3616
150,6,0.9800000190734864,8,0.347022
150,3,0.9800000190734864,8,0.367644
150,6,0.9800000190734864,8,0.342844
150,6,0.9800000190734864,8,0.336889
150,2,0.9800000190734864,8,0.339156
150,6,0.9800000190734864,8,0.339689
150,4,0.9800000190734864,8,0.358622
150,4,0.9800000190734864,8,0.3584
150,3,0.9800000190734864,8,0.368578
150,6,0.9800000190734864,8,0.343956
150,2,0.9800000190734864,8,0.343956
150,5,0.9800000190734864,8,0.351956
150,4,0.9800000190734864,8,0.353956
150,2,0.9800000190734864,8,0.348
150,5,0.9800000190734864,8,0.350444
150,6,0.9800000190734864,8,0.343644
150,5,0.9800000190734864,8,0.3552
150,5,0.9800000190734864,8,0.348578
150,5,0.9800000190734864,8,0.355022
150,5,0.9800000190734864,8,0.353467
150,2,0.9800000190734864,8,0.344489
150,3,0.9800000190734864,8,0.362844
150,6,0.9800000190734864,8,0.344133
150,3,0.9800000190734864,8,0.360711
150,2,0.9800000190734864,8,0.350178
150,4,0.9800000190734864,8,0.3636
150,2,0.9800000190734864,8,0.349378
150,6,0.9800000190734864,8,0.340222
150,3,0.9800000190734864,8,0.362044
150,2,0.9800000190734864,8,0.348311
150,6,0.9800000190734864,8,0.340222
150,4,0.9800000190734864,8,0.344533
150,6,0.9800000190734864,8,0.342133
150,4,0.9800000190734864,8,0.3524
150,5,0.9800000190734864,8,0.354578
150,5,0.9800000190734864,8,0.3548
150,6,0.9800000190734864,8,0.340667
150,6,0.9800000190734864,8,0.337111
150,3,0.9800000190734864,8,0.365822
150,3,0.9800000190734864,8,0.361778
150,4,0.9800000190734864,8,0.3636
150,2,0.9800000190734864,8,0.351778
150,5,0.9800000190734864,8,0.359156
150,5,0.9800000190734864,8,0.352978
150,5,0.9800000190734864,8,0.3544
150,2,0.9800000190734864,8,0.346356
150,2,0.9800000190734864,8,0.350711
150,5,0.9800000190734864,8,0.355956
150,5,0.9800000190734864,8,0.348844
150,2,0.9800000190734864,8,0.353333
150,6,0.9800000190734864,8,0.347467
150,2,0.9800000190734864,8,0.349244
150,6,0.9800000190734864,8,0.338844
150,6,0.9800000190734864,8,0.340622
150,3,0.9800000190734864,8,0.360267
150,5,0.9800000190734864,8,0.349067
150,2,0.9800000190734864,8,0.351956
150,5,0.9800000190734864,8,0.345644
150,5,0.9800000190734864,8,0.351422
150,4,0.9800000190734864,8,0.357556
150,6,0.9800000190734864,8,0.336622
150,6,0.9800000190734864,8,0.341156
150,4,0.9800000190734864,8,0.354089
150,5,0.9800000190734864,8,0.354667
150,6,0.9800000190734864,8,0.341733
150,2,0.9800000190734864,8,0.3532
150,4,0.9800000190734864,8,0.365822
150,6,0.9800000190734864,8,0.341467
150,2,0.9800000190734864,8,0.352356
150,5,0.9800000190734864,8,0.351289
150,3,0.9800000190734864,8,0.355778
150,2,0.9800000190734864,8,0.344667
150,2,0.9800000190734864,8,0.354133
150,2,0.9800000190734864,8,0.340311
150,5,0.9800000190734864,8,0.349956
150,5,0.9800000190734864,8,0.351511
150,6,0.9800000190734864,8,0.339156
150,5,0.9800000190734864,8,0.350711
150,3,0.9800000190734864,8,0.366489
150,3,0.9800000190734864,8,0.357156
150,5,0.9800000190734864,8,0.346044
150,6,0.9800000190734864,8,0.337911
150,4,0.9800000190734864,8,0.3544
150,6,0.9800000190734864,8,0.336356
150,2,0.9800000190734864,8,0.346267
150,2,0.9800000190734864,8,0.347556
150,4,0.9800000190734864,8,0.354756
150,6,0.9800000190734864,8,0.338533
150,2,0.9800000190734864,8,0.347689
150,4,0.9800000190734864,8,0.353689
150,5,0.9800000190734864,8,0.354133
150,5,0.9800000190734864,8,0.355689
150,2,0.9800000190734864,8,0.355156
150,2,0.9800000190734864,8,0.346356
150,4,0.9800000190734864,8,0.3516
150,6,0.9800000190734864,8,0.337378
150,5,0.9800000190734864,8,0.351778
150,4,0.9800000190734864,8,0.362089
150,3,0.9800000190734864,8,0.367289
150,2,0.9800000190734864,8,0.348844
150,2,0.9800000190734864,8,0.350933
150,4,0.9800000190734864,8,0.3516
150,2,0.9800000190734864,8,0.341911
150,3,0.9800000190734864,8,0.365822
150,6,0.9800000190734864,8,0.347778
150,3,0.9800000190734864,8,0.367778
150,4,0.9800000190734864,8,0.358089
150,5,0.9800000190734864,8,0.352
150,6,0.9800000190734864,8,0.340844
150,2,0.9800000190734864,8,0.338222
150,2,0.9800000190734864,8,0.3484
150,5,0.9800000190734864,8,0.346489
150,5,0.9800000190734864,8,0.353067
150,5,0.9800000190734864,8,0.3524
150,3,0.9800000190734864,8,0.3624
150,2,0.9800000190734864,8,0.345956
150,5,0.9800000190734864,8,0.350756
150,2,0.9800000190734864,8,0.340089
150,3,0.9800000190734864,8,0.362044
150,4,0.9800000190734864,8,0.3556
150,6,0.9800000190734864,8,0.342711
150,3,0.9800000190734864,8,0.361333
150,4,0.9800000190734864,8,0.358356
150,4,0.9800000190734864,8,0.354889
150,5,0.9800000190734864,8,0.354444
150,2,0.9800000190734864,8,0.345067
150,2,0.9800000190734864,8,0.347822
150,6,0.9800000190734864,8,0.343467
150,3,0.9800000190734864,8,0.355556
150,4,0.9800000190734864,8,0.346
150,6,0.9800000190734864,8,0.339511
150,5,0.9800000190734864,8,0.354311
150,5,0.9800000190734864,8,0.353244
150,4,0.9800000190734864,8,0.353733
150,6,0.9800000190734864,8,0.3336
150,2,0.9800000190734864,8,0.347822
150,4,0.9800000190734864,8,0.353689
150,3,0.9800000190734864,8,0.356489
150,5,0.9800000190734864,8,0.349156
150,6,0.9800000190734864,8,0.349511
150,3,0.9800000190734864,8,0.3588
150,4,0.9800000190734864,8,0.360533
150,6,0.9800000190734864,8,0.340133
150,2,0.9800000190734864,8,0.349378
150,5,0.9800000190734864,8,0.3484
150,4,0.9800000190734864,8,0.363422
150,4,0.9800000190734864,8,0.357556
150,5,0.9800000190734864,8,0.351689
150,5,0.9800000190734864,8,0.356844
150,4,0.9800000190734864,8,0.352489
150,6,0.9800000190734864,8,0.341333
150,5,0.9800000190734864,8,0.350578
150,3,0.9800000190734864,8,0.361956
150,3,0.9800000190734864,8,0.3572
150,4,0.9800000190734864,8,0.364311
150,5,0.9800000190734864,8,0.349689
150,5,0.9800000190734864,8,0.350311
150,3,0.9800000190734864,8,0.370844
150,6,0.9800000190734864,8,0.347822
150,6,0.9800000190734864,8,0.338889
150,2,0.9800000190734864,8,0.348622
150,5,0.9800000190734864,8,0.350178
150,2,0.9800000190734864,8,0.345022
150,6,0.9800000190734864,8,0.338267
150,5,0.9800000190734864,8,0.348889
150,3,0.9800000190734864,8,0.366933
150,2,0.9800000190734864,8,0.354222
150,3,0.9800000190734864,8,0.363378
150,6,0.9800000190734864,8,0.334489
150,5,0.9800000190734864,8,0.351467
150,5,0.9800000190734864,8,0.356089
150,6,0.9800000190734864,8,0.343956
150,2,0.9800000190734864,8,0.352711
150,2,0.9800000190734864,8,0.349778
150,4,0.9800000190734864,8,0.354533
150,4,0.9800000190734864,8,0.368133
150,5,0.9800000190734864,8,0.347733
150,2,0.9800000190734864,8,0.351778
150,4,0.9800000190734864,8,0.360444
150,6,0.9800000190734864,8,0.337511
150,2,0.9800000190734864,8,0.3448
150,5,0.9800000190734864,8,0.343911
150,4,0.9800000190734864,8,0.354356
150,4,0.9800000190734864,8,0.364578
150,6,0.9800000190734864,8,0.343067
150,4,0.9800000190734864,8,0.356089
150,2,0.9800000190734864,8,0.357511
150,3,0.9800000190734864,8,0.369022
150,2,0.9800000190734864,8,0.348844
150,4,0.9800000190734864,8,0.363644
150,2,0.9800000190734864,8,0.342267
150,6,0.9800000190734864,8,0.335067
150,3,0.9800000190734864,8,0.368667
150,5,0.9800000190734864,8,0.351022
150,4,0.9800000190734864,8,0.357689
150,5,0.9800000190734864,8,0.353467
150,2,0.9800000190734864,8,0.340622
150,6,0.9800000190734864,8,0.337378
150,5,0.9800000190734864,8,0.353422
150,3,0.9800000190734864,8,0.365822
150,3,0.9800000190734864,8,0.358844
150,3,0.9800000190734864,8,0.363378
150,4,0.9800000190734864,8,0.356889
150,6,0.9800000190734864,8,0.345822
150,2,0.9800000190734864,8,0.347778
150,6,0.9800000190734864,8,0.336622
150,2,0.9800000190734864,8,0.334444
150,4,0.9800000190734864,8,0.359511
150,3,0.9800000190734864,8,0.361156
150,4,0.9800000190734864,8,0.354844
150,4,0.9800000190734864,8,0.363733
150,6,0.9800000190734864,8,0.346267
150,6,0.9800000190734864,8,0.346444
150,3,0.9800000190734864,8,0.363956
150,3,0.9800000190734864,8,0.354178
150,6,0.9800000190734864,8,0.339644
150,2,0.9800000190734864,8,0.355911
150,5,0.9800000190734864,8,0.350711
150,2,0.9800000190734864,8,0.356089
150,3,0.9800000190734864,8,0.362356
150,5,0.9800000190734864,8,0.357422
150,3,0.9800000190734864,8,0.363556
150,2,0.9800000190734864,8,0.355511
150,3,0.9800000190734864,8,0.356933
150,3,0.9800000190734864,8,0.358578
150,4,0.9800000190734864,8,0.3624
150,5,0.9800000190734864,8,0.349822
150,6,0.9800000190734864,8,0.344667
150,3,0.9800000190734864,8,0.361467
150,3,0.9800000190734864,8,0.3604
150,6,0.9800000190734864,8,0.336267
150,6,0.9800000190734864,8,0.343467
150,3,0.9800000190734864,8,0.365778
150,5,0.9800000190734864,8,0.350311
150,3,0.9800000190734864,8,0.365378
150,3,0.9800000190734864,8,0.358489
150,4,0.9800000190734864,8,0.356978
150,5,0.9800000190734864,8,0.349111
150,3,0.9800000190734864,8,0.361378
150,6,0.9800000190734864,8,0.334756
150,2,0.9800000190734864,8,0.348578
150,6,0.9800000190734864,8,0.335333
150,6,0.9800000190734864,8,0.338933
150,4,0.9800000190734864,8,0.359422
150,2,0.9800000190734864,8,0.358889
150,6,0.9800000190734864,8,0.341111
150,6,0.9800000190734864,8,0.3404
150,5,0.9800000190734864,8,0.357956
150,5,0.9800000190734864,8,0.353689
150,6,0.9800000190734864,8,0.341289
150,2,0.9800000190734864,8,0.349556
150,5,0.9800000190734864,8,0.349689
150,4,0.9800000190734864,8,0.358267
150,2,0.9800000190734864,8,0.349556
150,6,0.9800000190734864,8,0.338444
150,3,0.9800000190734864,8,0.358311
150,3,0.9800000190734864,8,0.3612
150,4,0.9800000190734864,8,0.3568
150,4,0.9800000190734864,8,0.364889
150,6,0.9800000190734864,8,0.345067
150,4,0.9800000190734864,8,0.358889
150,5,0.9800000190734864,8,0.347422
150,4,0.9800000190734864,8,0.354889
150,4,0.9800000190734864,8,0.349911
150,4,0.9800000190734864,8,0.351556
150,2,0.9800000190734864,8,0.349067
150,4,0.9800000190734864,8,0.353422
150,4,0.9800000190734864,8,0.359333
150,4,0.9800000190734864,8,0.355111
150,5,0.9800000190734864,8,0.345022
150,4,0.9800000190734864,8,0.358978
150,6,0.9800000190734864,8,0.341244
150,2,0.9800000190734864,8,0.3484
150,5,0.9800000190734864,8,0.355111
150,5,0.9800000190734864,8,0.355244
150,6,0.9800000190734864,8,0.337689
150,6,0.9800000190734864,8,0.345822
150,3,0.9800000190734864,8,0.362178
150,4,0.9800000190734864,8,0.357467
150,2,0.9800000190734864,8,0.358133
150,5,0.9800000190734864,8,0.355644
150,2,0.9800000190734864,8,0.350844
150,4,0.9800000190734864,8,0.359689
150,4,0.9800000190734864,8,0.361556
150,6,0.9800000190734864,8,0.3444
150,5,0.9800000190734864,8,0.352178
150,5,0.9800000190734864,8,0.344178
150,3,0.9800000190734864,8,0.361911
150,6,0.9800000190734864,8,0.345022
150,2,0.9800000190734864,8,0.346044
150,5,0.9800000190734864,8,0.350089
150,2,0.9800000190734864,8,0.350933
150,2,0.9800000190734864,8,0.355333
150,6,0.9800000190734864,8,0.342267
150,3,0.9800000190734864,8,0.3688
150,4,0.9800000190734864,8,0.362089
150,3,0.9800000190734864,8,0.353644
150,5,0.9800000190734864,8,0.351733
150,2,0.9800000190734864,8,0.342756
150,3,0.9800000190734864,8,0.355644
150,2,0.9800000190734864,8,0.349644
150,6,0.9800000190734864,8,0.345378
150,2,0.9800000190734864,8,0.346311
150,5,0.9800000190734864,8,0.346889
150,4,0.9800000190734864,8,0.36
150,4,0.9800000190734864,8,0.358578
150,4,0.9800000190734864,8,0.362267
150,5,0.9800000190734864,8,0.346044
150,2,0.9800000190734864,8,0.3456
150,4,0.9800000190734864,8,0.358044
150,2,0.9800000190734864,8,0.3444
150,3,0.9800000190734864,8,0.367378
150,4,0.9800000190734864,8,0.364711
150,6,0.9800000190734864,8,0.34
150,3,0.9800000190734864,8,0.358844
150,3,0.9800000190734864,8,0.366044
150,6,0.9800000190734864,8,0.344311
150,2,0.9800000190734864,8,0.354356
150,6,0.9800000190734864,8,0.336044
150,3,0.9800000190734864,8,0.365422
150,6,0.9800000190734864,8,0.345156
150,6,0.9800000190734864,8,0.342889
150,2,0.9800000190734864,8,0.348889
150,3,0.9800000190734864,8,0.352133
150,3,0.9800000190734864,8,0.364178
150,2,0.9800000190734864,8,0.358178
150,5,0.9800000190734864,8,0.350178
150,6,0.9800000190734864,8,0.3396
150,4,0.9800000190734864,8,0.356756
150,5,0.9800000190734864,8,0.347111
150,5,0.9800000190734864,8,0.351467
150,4,0.9800000190734864,8,0.357778
150,4,0.9800000190734864,8,0.357689
150,2,0.9800000190734864,8,0.348844
150,2,0.9800000190734864,8,0.355378
150,4,0.9800000190734864,8,0.358489
150,4,0.9800000190734864,8,0.365111
150,4,0.9800000190734864,8,0.360533
150,3,0.9800000190734864,8,0.355422
150,5,0.9800000190734864,8,0.348044
150,5,0.9800000190734864,8,0.344178
150,4,0.9800000190734864,8,0.359911
150,2,0.9800000190734864,8,0.351067
150,5,0.9800000190734864,8,0.352889
150,2,0.9800000190734864,8,0.354311
150,2,0.9800000190734864,8,0.34
150,2,0.9800000190734864,8,0.350578
150,2,0.9800000190734864,8,0.349156
150,3,0.9800000190734864,8,0.3668
150,5,0.9800000190734864,8,0.349867
150,4,0.9800000190734864,8,0.359644
150,6,0.9800000190734864,8,0.340711
150,6,0.9800000190734864,8,0.337511
150,3,0.9800000190734864,8,0.359956
150,4,0.9800000190734864,8,0.359822
150,5,0.9800000190734864,8,0.350889
150,2,0.9800000190734864,8,0.357156
150,5,0.9800000190734864,8,0.352222
150,2,0.9800000190734864,8,0.353067
150,5,0.9800000190734864,8,0.358533
150,2,0.9800000190734864,8,0.359911
150,5,0.9800000190734864,8,0.345333
150,5,0.9800000190734864,8,0.3472
150,5,0.9800000190734864,8,0.347422
150,6,0.9800000190734864,8,0.343333
150,6,0.9800000190734864,8,0.335111
150,4,0.9800000190734864,8,0.3584
150,6,0.9800000190734864,8,0.342622
150,6,0.9800000190734864,8,0.344311
150,6,0.9800000190734864,8,0.341333
150,4,0.9800000190734864,8,0.367556
150,3,0.9800000190734864,8,0.362844
150,3,0.9800000190734864,8,0.361111
150,6,0.9800000190734864,8,0.342133
150,3,0.9800000190734864,8,0.3628
150,5,0.9800000190734864,8,0.356844
150,4,0.9800000190734864,8,0.358756
150,4,0.9800000190734864,8,0.359733
150,6,0.9800000190734864,8,0.338667
150,6,0.9800000190734864,8,0.346044
150,2,0.9800000190734864,8,0.347867
150,5,0.9800000190734864,8,0.352578
150,2,0.9800000190734864,8,0.358711
150,3,0.9800000190734864,8,0.364978
150,3,0.9800000190734864,8,0.361467
150,6,0.9800000190734864,8,0.3372
150,5,0.9800000190734864,8,0.351156
150,3,0.9800000190734864,8,0.363244
150,3,0.9800000190734864,8,0.356356
150,5,0.9800000190734864,8,0.348133
150,4,0.9800000190734864,8,0.357156
150,3,0.9800000190734864,8,0.359911
150,2,0.9800000190734864,8,0.3556
150,3,0.9800000190734864,8,0.355333
150,4,0.9800000190734864,8,0.351911
150,3,0.9800000190734864,8,0.363156
150,2,0.9800000190734864,8,0.344933
150,2,0.9800000190734864,8,0.352844
150,2,0.9800000190734864,8,0.346756
150,2,0.9800000190734864,8,0.337022
150,6,0.9800000190734864,8,0.339244
150,6,0.9800000190734864,8,0.340533
150,4,0.9800000190734864,8,0.3616
150,6,0.9800000190734864,8,0.342844
150,2,0.9800000190734864,8,0.338178
150,4,0.9800000190734864,8,0.361867
150,4,0.9800000190734864,8,0.348178
150,3,0.9800000190734864,8,0.3556
150,4,0.9800000190734864,8,0.356667
150,5,0.9800000190734864,8,0.348444
150,2,0.9800000190734864,8,0.348889
150,4,0.9800000190734864,8,0.358978
150,6,0.9800000190734864,8,0.342978
150,3,0.9800000190734864,8,0.357022
150,6,0.9800000190734864,8,0.340044
150,2,0.9800000190734864,8,0.347156
150,5,0.9800000190734864,8,0.351733
150,2,0.9800000190734864,8,0.347733
150,2,0.9800000190734864,8,0.350044
150,3,0.9800000190734864,8,0.359689
150,6,0.9800000190734864,8,0.344711
150,4,0.9800000190734864,8,0.365511
150,6,0.9800000190734864,8,0.343378
150,2,0.9800000190734864,8,0.337867
150,2,0.9800000190734864,8,0.351467
150,6,0.9800000190734864,8,0.342578
150,5,0.9800000190734864,8,0.352578
150,6,0.9800000190734864,8,0.338933
150,3,0.9800000190734864,8,0.361333
150,3,0.9800000190734864,8,0.358978
150,5,0.9800000190734864,8,0.345422
150,3,0.9800000190734864,8,0.360044
150,4,0.9800000190734864,8,0.365111
150,6,0.9800000190734864,8,0.340178
150,2,0.9800000190734864,8,0.344178
150,5,0.9800000190734864,8,0.352533
150,2,0.9800000190734864,8,0.353867
150,3,0.9800000190734864,8,0.364311
150,5,0.9800000190734864,8,0.350222
150,3,0.9800000190734864,8,0.3592
150,4,0.9800000190734864,8,0.362311
150,4,0.9800000190734864,8,0.359067
150,2,0.9800000190734864,8,0.3476
150,3,0.9800000190734864,8,0.371689
150,3,0.9800000190734864,8,0.357822
150,3,0.9800000190734864,8,0.365778
150,6,0.9800000190734864,8,0.339244
150,2,0.9800000190734864,8,0.344044
150,4,0.9800000190734864,8,0.358178
150,3,0.9800000190734864,8,0.360222
150,5,0.9800000190734864,8,0.351244
150,5,0.9800000190734864,8,0.351289
150,5,0.9800000190734864,8,0.351911
150,4,0.9800000190734864,8,0.3544
150,5,0.9800000190734864,8,0.357067
150,6,0.9800000190734864,8,0.337867
150,3,0.9800000190734864,8,0.366267
150,6,0.9800000190734864,8,0.338844
150,4,0.9800000190734864,8,0.356711
150,4,0.9800000190734864,8,0.3648
150,3,0.9800000190734864,8,0.356978
150,4,0.9800000190734864,8,0.359289
150,5,0.9800000190734864,8,0.350044
150,5,0.9800000190734864,8,0.353644
150,6,0.9800000190734864,8,0.346133
150,5,0.9800000190734864,8,0.347511
150,5,0.9800000190734864,8,0.352978
150,2,0.9800000190734864,8,0.354133
150,3,0.9800000190734864,8,0.361022
150,3,0.9800000190734864,8,0.363778
150,3,0.9800000190734864,8,0.360489
150,2,0.9800000190734864,8,0.346267
150,5,0.9800000190734864,8,0.355556
150,3,0.9800000190734864,8,0.358044
150,4,0.9800000190734864,8,0.359822
150,3,0.9800000190734864,8,0.355111
150,2,0.9800000190734864,8,0.347289
150,5,0.9800000190734864,8,0.352178
150,6,0.9800000190734864,8,0.340044
150,5,0.9800000190734864,8,0.357644
150,6,0.9800000190734864,8,0.347467
150,6,0.9800000190734864,8,0.341822
150,4,0.9800000190734864,8,0.363956
150,2,0.9800000190734864,8,0.347911
150,2,0.9800000190734864,8,0.346222
150,4,0.9800000190734864,8,0.358756
150,6,0.9800000190734864,8,0.335644
150,2,0.9800000190734864,8,0.332756
150,2,0.9800000190734864,8,0.356622
150,4,0.9800000190734864,8,0.355244
150,2,0.9800000190734864,8,0.342711
150,2,0.9800000190734864,8,0.347956
150,3,0.9800000190734864,8,0.363867
150,4,0.9800000190734864,8,0.348578
150,2,0.9800000190734864,8,0.348444
150,5,0.9800000190734864,8,0.353778
150,4,0.9800000190734864,8,0.356533
150,5,0.9800000190734864,8,0.352222
150,2,0.9800000190734864,8,0.345156
150,4,0.9800000190734864,8,0.359244
150,2,0.9800000190734864,8,0.350044
150,4,0.9800000190734864,8,0.363022
150,4,0.9800000190734864,8,0.354267
150,4,0.9800000190734864,8,0.367822
150,2,0.9800000190734864,8,0.345022
150,2,0.9800000190734864,8,0.359422
150,6,0.9800000190734864,8,0.346044
150,2,0.9800000190734864,8,0.339022
150,2,0.9800000190734864,8,0.347733
150,4,0.9800000190734864,8,0.361111
150,5,0.9800000190734864,8,0.351778
150,3,0.9800000190734864,8,0.361911
150,2,0.9800000190734864,8,0.3392
150,4,0.9800000190734864,8,0.355689
150,2,0.9800000190734864,8,0.358356
150,2,0.9800000190734864,8,0.3496
150,2,0.9800000190734864,8,0.352
150,4,0.9800000190734864,8,0.358311
150,5,0.9800000190734864,8,0.353422
150,6,0.9800000190734864,8,0.342578
150,5,0.9800000190734864,8,0.344311
150,4,0.9800000190734864,8,0.356489
150,5,0.9800000190734864,8,0.348667
150,2,0.9800000190734864,8,0.345467
150,3,0.9800000190734864,8,0.365778
150,2,0.9800000190734864,8,0.3408
150,4,0.9800000190734864,8,0.357822
150,5,0.9800000190734864,8,0.347022
150,6,0.9800000190734864,8,0.340356
150,4,0.9800000190734864,8,0.355333
150,6,0.9800000190734864,8,0.342756
150,4,0.9800000190734864,8,0.354533
150,2,0.9800000190734864,8,0.347778
150,3,0.9800000190734864,8,0.355422
150,4,0.9800000190734864,8,0.359333
150,6,0.9800000190734864,8,0.3384
150,4,0.9800000190734864,8,0.352978
150,3,0.9800000190734864,8,0.358089
150,6,0.9800000190734864,8,0.341733
150,5,0.9800000190734864,8,0.349422
150,6,0.9800000190734864,8,0.341067
150,4,0.9800000190734864,8,0.358
150,5,0.9800000190734864,8,0.349156
150,5,0.9800000190734864,8,0.342889
150,5,0.9800000190734864,8,0.349067
150,5,0.9800000190734864,8,0.357378
150,3,0.9800000190734864,8,0.361644
150,2,0.9800000190734864,8,0.356844
150,3,0.9800000190734864,8,0.369733
150,5,0.9800000190734864,8,0.354578
150,2,0.9800000190734864,8,0.346978
150,3,0.9800000190734864,8,0.369556
150,4,0.9800000190734864,8,0.350844
150,5,0.9800000190734864,8,0.350089
150,4,0.9800000190734864,8,0.364711
150,6,0.9800000190734864,8,0.343422
150,3,0.9800000190734864,8,0.3612
150,3,0.9800000190734864,8,0.357333
150,5,0.9800000190734864,8,0.345467
150,2,0.9800000190734864,8,0.354044
150,5,0.9800000190734864,8,0.350044
150,3,0.9800000190734864,8,0.366311
150,2,0.9800000190734864,8,0.346978
150,4,0.9800000190734864,8,0.365289
150,3,0.9800000190734864,8,0.362222
150,4,0.9800000190734864,8,0.350267
150,6,0.9800000190734864,8,0.340222
150,5,0.9800000190734864,8,0.351022
150,6,0.9800000190734864,8,0.341333
150,5,0.9800000190734864,8,0.347556
150,3,0.9800000190734864,8,0.358578
150,2,0.9800000190734864,8,0.363911
150,5,0.9800000190734864,8,0.354178
150,4,0.9800000190734864,8,0.353333
150,2,0.9800000190734864,8,0.347956
150,2,0.9800000190734864,8,0.352978
150,2,0.9800000190734864,8,0.351244
150,6,0.9800000190734864,8,0.341556
150,2,0.9800000190734864,8,0.3384
150,3,0.9800000190734864,8,0.356356
150,4,0.9800000190734864,8,0.351956
150,3,0.9800000190734864,8,0.364444
150,3,0.9800000190734864,8,0.353022
150,4,0.9800000190734864,8,0.368178
150,2,0.9800000190734864,8,0.349333
150,6,0.9800000190734864,8,0.342133
150,5,0.9800000190734864,8,0.354222
150,4,0.9800000190734864,8,0.361289
150,3,0.9800000190734864,8,0.364222
150,3,0.9800000190734864,8,0.359778
150,6,0.9800000190734864,8,0.339378
150,6,0.9800000190734864,8,0.3388
150,3,0.9800000190734864,8,0.359289
150,5,0.9800000190734864,8,0.3524
150,4,0.9800000190734864,8,0.351822
150,4,0.9800000190734864,8,0.354444
150,4,0.9800000190734864,8,0.354
150,5,0.9800000190734864,8,0.349289
150,5,0.9800000190734864,8,0.350578
150,5,0.9800000190734864,8,0.349867
150,4,0.9800000190734864,8,0.3608
150,6,0.9800000190734864,8,0.344978
150,6,0.9800000190734864,8,0.336133
150,6,0.9800000190734864,8,0.346222
150,2,0.9800000190734864,8,0.357733
150,3,0.9800000190734864,8,0.362489
150,5,0.9800000190734864,8,0.35
150,3,0.9800000190734864,8,0.369067
150,3,0.9800000190734864,8,0.368222
150,4,0.9800000190734864,8,0.364622
150,2,0.9800000190734864,8,0.347556
150,5,0.9800000190734864,8,0.348044
150,5,0.9800000190734864,8,0.341022
150,5,0.9800000190734864,8,0.346044
150,3,0.9800000190734864,8,0.360089
150,6,0.9800000190734864,8,0.338044
150,6,0.9800000190734864,8,0.343778
150,3,0.9800000190734864,8,0.364578
150,2,0.9800000190734864,8,0.343333
150,5,0.9800000190734864,8,0.3488
150,3,0.9800000190734864,8,0.368756
150,4,0.9800000190734864,8,0.358533
150,3,0.9800000190734864,8,0.370711
150,6,0.9800000190734864,8,0.342578
150,4,0.9800000190734864,8,0.358133
150,5,0.9800000190734864,8,0.352622
150,4,0.9800000190734864,8,0.355778
150,5,0.9800000190734864,8,0.348
150,4,0.9800000190734864,8,0.361822
150,3,0.9800000190734864,8,0.364489
150,5,0.9800000190734864,8,0.347111
150,6,0.9800000190734864,8,0.342978
150,2,0.9800000190734864,8,0.343956
150,5,0.9800000190734864,8,0.347111
150,4,0.9800000190734864,8,0.354533
150,5,0.9800000190734864,8,0.348133
150,4,0.9800000190734864,8,0.362667
150,3,0.9800000190734864,8,0.356089
150,3,0.9800000190734864,8,0.354933
150,3,0.9800000190734864,8,0.356356
150,6,0.9800000190734864,8,0.345022
150,5,0.9800000190734864,8,0.353333
150,6,0.9800000190734864,8,0.348622
150,2,0.9800000190734864,8,0.352889
150,4,0.9800000190734864,8,0.357422
150,6,0.9800000190734864,8,0.34
150,2,0.9800000190734864,8,0.350356
150,6,0.9800000190734864,8,0.346044
150,2,0.9800000190734864,8,0.349644
150,5,0.9800000190734864,8,0.340756
150,5,0.9800000190734864,8,0.352933
150,5,0.9800000190734864,8,0.346089
150,6,0.9800000190734864,8,0.3412
150,5,0.9800000190734864,8,0.349422
150,5,0.9800000190734864,8,0.353422
150,2,0.9800000190734864,8,0.340044
150,5,0.9800000190734864,8,0.355822
150,6,0.9800000190734864,8,0.341822
150,2,0.9800000190734864,8,0.343244
150,6,0.9800000190734864,8,0.346089
150,4,0.9800000190734864,8,0.353467
150,4,0.9800000190734864,8,0.354711
150,5,0.9800000190734864,8,0.350844
150,6,0.9800000190734864,8,0.343822
150,4,0.9800000190734864,8,0.351467
150,4,0.9800000190734864,8,0.365111
150,4,0.9800000190734864,8,0.366267
150,4,0.9800000190734864,8,0.359289
150,2,0.9800000190734864,8,0.347867
150,6,0.9800000190734864,8,0.343244
150,3,0.9800000190734864,8,0.372222
150,5,0.9800000190734864,8,0.342667
150,5,0.9800000190734864,8,0.348178
150,3,0.9800000190734864,8,0.3648
150,6,0.9800000190734864,8,0.336444
150,3,0.9800000190734864,8,0.364533
150,6,0.9800000190734864,8,0.336178
150,5,0.9800000190734864,8,0.354933
150,3,0.9800000190734864,8,0.3696
150,5,0.9800000190734864,8,0.360311
150,3,0.9800000190734864,8,0.367378
150,3,0.9800000190734864,8,0.351511
150,4,0.9800000190734864,8,0.3616
150,5,0.9800000190734864,8,0.348222
150,6,0.9800000190734864,8,0.344044
150,3,0.9800000190734864,8,0.364978
150,2,0.9800000190734864,8,0.343867
150,2,0.9800000190734864,8,0.347689
150,6,0.9800000190734864,8,0.340667
150,4,0.9800000190734864,8,0.353022
150,3,0.9800000190734864,8,0.370667
150,6,0.9800000190734864,8,0.343111
150,3,0.9800000190734864,8,0.367689
150,5,0.9800000190734864,8,0.349511
150,3,0.9800000190734864,8,0.361956
150,2,0.9800000190734864,8,0.348444
150,2,0.9800000190734864,8,0.344889
150,5,0.9800000190734864,8,0.352978
150,2,0.9800000190734864,8,0.354222
150,6,0.9800000190734864,8,0.340978
150,5,0.9800000190734864,8,0.349156
150,4,0.9800000190734864,8,0.362489
150,2,0.9800000190734864,8,0.348844
150,2,0.9800000190734864,8,0.340489
150,4,0.9800000190734864,8,0.356489
150,2,0.9800000190734864,8,0.348
150,6,0.9800000190734864,8,0.337467
150,3,0.9800000190734864,8,0.3612
150,3,0.9800000190734864,8,0.3728
150,4,0.9800000190734864,8,0.362222
150,2,0.9800000190734864,8,0.355378
150,5,0.9800000190734864,8,0.352311
150,4,0.9800000190734864,8,0.355511
150,2,0.9800000190734864,8,0.351867
150,2,0.9800000190734864,8,0.359689
150,4,0.9800000190734864,8,0.361244
150,6,0.9800000190734864,8,0.337022
150,2,0.9800000190734864,8,0.344044
150,4,0.9800000190734864,8,0.366489
150,4,0.9800000190734864,8,0.354889
150,3,0.9800000190734864,8,0.3576
150,3,0.9800000190734864,8,0.356356
150,4,0.9800000190734864,8,0.3576
150,4,0.9800000190734864,8,0.352756
150,3,0.9800000190734864,8,0.368044
150,6,0.9800000190734864,8,0.341022
150,6,0.9800000190734864,8,0.341822
150,2,0.9800000190734864,8,0.346756
150,5,0.9800000190734864,8,0.349333
150,3,0.9800000190734864,8,0.358711
150,6,0.9800000190734864,8,0.343689
150,3,0.9800000190734864,8,0.358311
150,4,0.9800000190734864,8,0.362578
150,3,0.9800000190734864,8,0.363111
150,3,0.9800000190734864,8,0.366667
150,3,0.9800000190734864,8,0.362178
150,4,0.9800000190734864,8,0.353467
150,5,0.9800000190734864,8,0.351422
150,6,0.9800000190734864,8,0.343022
150,4,0.9800000190734864,8,0.359022
150,3,0.9800000190734864,8,0.353022
150,3,0.9800000190734864,8,0.365067
150,2,0.9800000190734864,8,0.3508
150,6,0.9800000190734864,8,0.342
150,6,0.9800000190734864,8,0.346667
150,5,0.9800000190734864,8,0.3544
150,3,0.9800000190734864,8,0.357778
150,5,0.9800000190734864,8,0.352978
150,5,0.9800000190734864,8,0.348978
150,5,0.9800000190734864,8,0.349378
150,5,0.9800000190734864,8,0.348444
150,4,0.9800000190734864,8,0.362622
150,3,0.9800000190734864,8,0.363156
150,2,0.9800000190734864,8,0.343778
150,4,0.9800000190734864,8,0.356711
150,4,0.9800000190734864,8,0.358844
150,3,0.9800000190734864,8,0.368711
150,4,0.9800000190734864,8,0.361067
150,3,0.9800000190734864,8,0.367467
150,3,0.9800000190734864,8,0.358222
150,6,0.9800000190734864,8,0.338356
150,2,0.9800000190734864,8,0.341067
150,3,0.9800000190734864,8,0.362711
150,2,0.9800000190734864,8,0.350178
150,6,0.9800000190734864,8,0.334889
150,6,0.9800000190734864,8,0.3396
150,6,0.9800000190734864,8,0.348311
150,2,0.9800000190734864,8,0.346489
150,3,0.9800000190734864,8,0.362089
150,5,0.9800000190734864,8,0.354
150,5,0.9800000190734864,8,0.356178
150,3,0.9800000190734864,8,0.356533
150,4,0.9800000190734864,8,0.344933
150,2,0.9800000190734864,8,0.357333
150,2,0.9800000190734864,8,0.353467
150,4,0.9800000190734864,8,0.348133
150,4,0.9800000190734864,8,0.358267
150,2,0.9800000190734864,8,0.353067
150,5,0.9800000190734864,8,0.352489
150,4,0.9800000190734864,8,0.352044
150,2,0.9800000190734864,8,0.351333
150,2,0.9800000190734864,8,0.336756
150,6,0.9800000190734864,8,0.333956
150,4,0.9800000190734864,8,0.356578
150,4,0.9800000190734864,8,0.358356
150,5,0.9800000190734864,8,0.3508
150,4,0.9800000190734864,8,0.354622
150,4,0.9800000190734864,8,0.3524
150,5,0.9800000190734864,8,0.347022
150,6,0.9800000190734864,8,0.347956
150,5,0.9800000190734864,8,0.355422
150,6,0.9800000190734864,8,0.348578
150,5,0.9800000190734864,8,0.354533
150,2,0.9800000190734864,8,0.346978
150,3,0.9800000190734864,8,0.361289
150,6,0.9800000190734864,8,0.345822
150,5,0.9800000190734864,8,0.343556
150,6,0.9800000190734864,8,0.343289
150,3,0.9800000190734864,8,0.360533
150,6,0.9800000190734864,8,0.335378
150,2,0.9800000190734864,8,0.339378
150,2,0.9800000190734864,8,0.350978
150,6,0.9800000190734864,8,0.338889
150,5,0.9800000190734864,8,0.347378
150,3,0.9800000190734864,8,0.363022
150,5,0.9800000190734864,8,0.354578
150,5,0.9800000190734864,8,0.349556
150,4,0.9800000190734864,8,0.351644
150,6,0.9800000190734864,8,0.337422
150,2,0.9800000190734864,8,0.351111
150,3,0.9800000190734864,8,0.357467
150,5,0.9800000190734864,8,0.349067
150,5,0.9800000190734864,8,0.354711
150,2,0.9800000190734864,8,0.355378
150,4,0.9800000190734864,8,0.364089
150,2,0.9800000190734864,8,0.347778
150,2,0.9800000190734864,8,0.358489
150,3,0.9800000190734864,8,0.359378
150,6,0.9800000190734864,8,0.337822
150,4,0.9800000190734864,8,0.353289
150,6,0.9800000190734864,8,0.335511
150,5,0.9800000190734864,8,0.352489
150,3,0.9800000190734864,8,0.362356
150,2,0.9800000190734864,8,0.351556
150,5,0.9800000190734864,8,0.351867
150,4,0.9800000190734864,8,0.354756
150,5,0.9800000190734864,8,0.3544
150,5,0.9800000190734864,8,0.337956
150,3,0.9800000190734864,8,0.3556
150,4,0.9800000190734864,8,0.3576
150,5,0.9800000190734864,8,0.353378
150,6,0.9800000190734864,8,0.336044
150,2,0.9800000190734864,8,0.357778
150,6,0.9800000190734864,8,0.339956
150,3,0.9800000190734864,8,0.361333
150,2,0.9800000190734864,8,0.354844
150,5,0.9800000190734864,8,0.358578
150,3,0.9800000190734864,8,0.359778
150,6,0.9800000190734864,8,0.340622
150,3,0.9800000190734864,8,0.359067
150,4,0.9800000190734864,8,0.363156
150,2,0.9800000190734864,8,0.360667
150,3,0.9800000190734864,8,0.359733
150,2,0.9800000190734864,8,0.3504
150,4,0.9800000190734864,8,0.355244
150,2,0.9800000190734864,8,0.342178
150,3,0.9800000190734864,8,0.363867
150,5,0.9800000190734864,8,0.352
150,4,0.9800000190734864,8,0.359378
150,3,0.9800000190734864,8,0.3608
150,2,0.9800000190734864,8,0.360089
150,3,0.9800000190734864,8,0.361556
150,2,0.9800000190734864,8,0.3432
150,4,0.9800000190734864,8,0.356711
150,4,0.9800000190734864,8,0.357156
150,4,0.9800000190734864,8,0.365111
150,6,0.9800000190734864,8,0.343022
150,3,0.9800000190734864,8,0.368756
150,6,0.9800000190734864,8,0.3412
150,5,0.9800000190734864,8,0.347289
150,5,0.9800000190734864,8,0.352622
150,2,0.9800000190734864,8,0.351289
150,6,0.9800000190734864,8,0.344
150,6,0.9800000190734864,8,0.337422
150,2,0.9800000190734864,8,0.3416
150,2,0.9800000190734864,8,0.344489
150,5,0.9800000190734864,8,0.3476
150,4,0.9800000190734864,8,0.355911
150,6,0.9800000190734864,8,0.339822
150,2,0.9800000190734864,8,0.349689
150,3,0.9800000190734864,8,0.351378
150,3,0.9800000190734864,8,0.359556
150,5,0.9800000190734864,8,0.3532
150,4,0.9800000190734864,8,0.355022
150,2,0.9800000190734864,8,0.346489
150,2,0.9800000190734864,8,0.354889
150,3,0.9800000190734864,8,0.356356
150,2,0.9800000190734864,8,0.348978
150,3,0.9800000190734864,8,0.355022
150,4,0.9800000190734864,8,0.363556
150,2,0.9800000190734864,8,0.345733
150,6,0.9800000190734864,8,0.3468
150,6,0.9800000190734864,8,0.341156
150,6,0.9800000190734864,8,0.342178
150,2,0.9800000190734864,8,0.354133
150,6,0.9800000190734864,8,0.335867
150,2,0.9800000190734864,8,0.351333
150,3,0.9800000190734864,8,0.357333
150,5,0.9800000190734864,8,0.351467
150,2,0.9800000190734864,8,0.344444
150,6,0.9800000190734864,8,0.340133
150,4,0.9800000190734864,8,0.361911
150,6,0.9800000190734864,8,0.337111
150,4,0.9800000190734864,8,0.360622
150,6,0.9800000190734864,8,0.344
150,5,0.9800000190734864,8,0.355067
150,4,0.9800000190734864,8,0.360756
150,6,0.9800000190734864,8,0.342311
150,5,0.9800000190734864,8,0.348978
150,3,0.9800000190734864,8,0.366267
150,2,0.9800000190734864,8,0.355378
150,6,0.9800000190734864,8,0.333778
150,3,0.9800000190734864,8,0.364756
150,2,0.9800000190734864,8,0.348178
150,6,0.9800000190734864,8,0.339822
150,6,0.9800000190734864,8,0.339289
150,6,0.9800000190734864,8,0.338667
150,2,0.9800000190734864,8,0.346311
150,6,0.9800000190734864,8,0.346178
150,2,0.9800000190734864,8,0.346044
150,4,0.9800000190734864,8,0.360978
150,2,0.9800000190734864,8,0.349911
150,2,0.9800000190734864,8,0.348089
150,3,0.9800000190734864,8,0.360133
150,2,0.9800000190734864,8,0.3528
150,5,0.9800000190734864,8,0.348667
150,2,0.9800000190734864,8,0.344178
150,4,0.9800000190734864,8,0.362756
150,3,0.9800000190734864,8,0.361511
150,6,0.9800000190734864,8,0.339911
150,4,0.9800000190734864,8,0.360489
150,4,0.9800000190734864,8,0.3564
150,6,0.9800000190734864,8,0.336133
150,2,0.9800000190734864,8,0.3496
150,6,0.9800000190734864,8,0.3452
150,4,0.9800000190734864,8,0.359333
150,5,0.9800000190734864,8,0.350044
150,3,0.9800000190734864,8,0.367156
150,6,0.9800000190734864,8,0.343333
150,5,0.9800000190734864,8,0.346533
150,2,0.9800000190734864,8,0.359911
150,2,0.9800000190734864,8,0.340711
150,6,0.9800000190734864,8,0.348133
150,2,0.9800000190734864,8,0.350622
150,4,0.9800000190734864,8,0.364489
150,4,0.9800000190734864,8,0.360933
150,5,0.9800000190734864,8,0.354356
150,5,0.9800000190734864,8,0.349867
150,4,0.9800000190734864,8,0.359289
150,3,0.9800000190734864,8,0.354756
150,6,0.9800000190734864,8,0.3408
150,5,0.9800000190734864,8,0.353244
150,2,0.9800000190734864,8,0.341556
150,3,0.9800000190734864,8,0.361378
150,6,0.9800000190734864,8,0.341911
150,3,0.9800000190734864,8,0.360267
150,5,0.9800000190734864,8,0.345289
150,4,0.9800000190734864,8,0.3608
150,2,0.9800000190734864,8,0.344222
150,3,0.9800000190734864,8,0.368667
150,2,0.9800000190734864,8,0.342889
150,2,0.9800000190734864,8,0.350089
150,5,0.9800000190734864,8,0.347867
150,4,0.9800000190734864,8,0.354356
150,4,0.9800000190734864,8,0.357956
150,2,0.9800000190734864,8,0.344756
150,6,0.9800000190734864,8,0.339822
150,3,0.9800000190734864,8,0.358044
150,3,0.9800000190734864,8,0.360267
150,6,0.9800000190734864,8,0.342044
150,6,0.9800000190734864,8,0.341556
150,2,0.9800000190734864,8,0.346133
150,2,0.9800000190734864,8,0.346222
150,6,0.9800000190734864,8,0.337778
150,3,0.9800000190734864,8,0.348667
150,3,0.9800000190734864,8,0.358756
150,2,0.9800000190734864,8,0.343556
150,3,0.9800000190734864,8,0.354311
150,6,0.9800000190734864,8,0.339156
150,5,0.9800000190734864,8,0.355822
150,6,0.9800000190734864,8,0.343689
150,2,0.9800000190734864,8,0.346667
150,2,0.9800000190734864,8,0.352444
150,3,0.9800000190734864,8,0.363822
150,2,0.9800000190734864,8,0.346356
150,3,0.9800000190734864,8,0.361822
150,4,0.9800000190734864,8,0.362311
150,6,0.9800000190734864,8,0.342711
150,3,0.9800000190734864,8,0.360444
150,3,0.9800000190734864,8,0.372889
150,2,0.9800000190734864,8,0.355556
150,6,0.9800000190734864,8,0.345244
150,6,0.9800000190734864,8,0.345244
150,4,0.9800000190734864,8,0.3592
150,5,0.9800000190734864,8,0.348311
150,5,0.9800000190734864,8,0.352444
150,5,0.9800000190734864,8,0.347333
150,4,0.9800000190734864,8,0.352533
150,6,0.9800000190734864,8,0.343467
150,2,0.9800000190734864,8,0.339867
150,4,0.9800000190734864,8,0.357067
150,3,0.9800000190734864,8,0.371244
150,6,0.9800000190734864,8,0.341911
150,2,0.9800000190734864,8,0.348889
150,4,0.9800000190734864,8,0.363733
150,5,0.9800000190734864,8,0.346044
150,6,0.9800000190734864,8,0.339467
150,3,0.9800000190734864,8,0.357956
150,4,0.9800000190734864,8,0.348711
150,5,0.9800000190734864,8,0.350356
150,3,0.9800000190734864,8,0.371289
150,3,0.9800000190734864,8,0.364622
150,5,0.9800000190734864,8,0.346089
150,4,0.9800000190734864,8,0.361111
150,4,0.9800000190734864,8,0.3524
150,4,0.9800000190734864,8,0.351467
150,3,0.9800000190734864,8,0.368889
150,3,0.9800000190734864,8,0.358444
150,4,0.9800000190734864,8,0.364489
150,5,0.9800000190734864,8,0.351467
150,2,0.9800000190734864,8,0.344933
150,2,0.9800000190734864,8,0.343733
150,4,0.9800000190734864,8,0.366
150,4,0.9800000190734864,8,0.359822
150,3,0.9800000190734864,8,0.361911
150,4,0.9800000190734864,8,0.360489
150,2,0.9800000190734864,8,0.362844
150,4,0.9800000190734864,8,0.353156
150,4,0.9800000190734864,8,0.364578
150,2,0.9800000190734864,8,0.343822
150,6,0.9800000190734864,8,0.342889
150,6,0.9800000190734864,8,0.3424
150,2,0.9800000190734864,8,0.351556
150,5,0.9800000190734864,8,0.3492
150,5,0.9800000190734864,8,0.350089
150,2,0.9800000190734864,8,0.341778
150,4,0.9800000190734864,8,0.359822
150,3,0.9800000190734864,8,0.365733
150,2,0.9800000190734864,8,0.353822
150,4,0.9800000190734864,8,0.358756
150,4,0.9800000190734864,8,0.364578
150,3,0.9800000190734864,8,0.359689
150,3,0.9800000190734864,8,0.371244
150,3,0.9800000190734864,8,0.364533
150,2,0.9800000190734864,8,0.350267
150,2,0.9800000190734864,8,0.356489
150,5,0.9800000190734864,8,0.348222
150,3,0.9800000190734864,8,0.364133
150,4,0.9800000190734864,8,0.356311
150,2,0.9800000190734864,8,0.346356
150,6,0.9800000190734864,8,0.333156
150,5,0.9800000190734864,8,0.352844
150,3,0.9800000190734864,8,0.363467
150,5,0.9800000190734864,8,0.354044
150,5,0.9800000190734864,8,0.354178
150,2,0.9800000190734864,8,0.337867
150,3,0.9800000190734864,8,0.358089
150,2,0.9800000190734864,8,0.357733
150,6,0.9800000190734864,8,0.343956
150,4,0.9800000190734864,8,0.357733
150,6,0.9800000190734864,8,0.339467
150,2,0.9800000190734864,8,0.352622
150,6,0.9800000190734864,8,0.342489
150,6,0.9800000190734864,8,0.337333
150,5,0.9800000190734864,8,0.354444
150,4,0.9800000190734864,8,0.361333
150,5,0.9800000190734864,8,0.354844
150,6,0.9800000190734864,8,0.343156
150,2,0.9800000190734864,8,0.342533
150,4,0.9800000190734864,8,0.3508
150,6,0.9800000190734864,8,0.342533
150,4,0.9800000190734864,8,0.351644
150,2,0.9800000190734864,8,0.344178
150,3,0.9800000190734864,8,0.3644
150,2,0.9800000190734864,8,0.343156
150,6,0.9800000190734864,8,0.342356
150,6,0.9800000190734864,8,0.344089
150,5,0.9800000190734864,8,0.351156
150,4,0.9800000190734864,8,0.359644
150,3,0.9800000190734864,8,0.3628
150,6,0.9800000190734864,8,0.336578
150,4,0.9800000190734864,8,0.362844
150,3,0.9800000190734864,8,0.367067
150,5,0.9800000190734864,8,0.346222
150,6,0.9800000190734864,8,0.347067
150,3,0.9800000190734864,8,0.357911
150,4,0.9800000190734864,8,0.362622
150,6,0.9800000190734864,8,0.3416
150,2,0.9800000190734864,8,0.354356
150,4,0.9800000190734864,8,0.354489
150,4,0.9800000190734864,8,0.358356
150,6,0.9800000190734864,8,0.342178
150,4,0.9800000190734864,8,0.348089
150,4,0.9800000190734864,8,0.354089
150,5,0.9800000190734864,8,0.350222
150,2,0.9800000190734864,8,0.353422
150,5,0.9800000190734864,8,0.349867
150,4,0.9800000190734864,8,0.3568
150,4,0.9800000190734864,8,0.364489
150,3,0.9800000190734864,8,0.366044
150,4,0.9800000190734864,8,0.364044
150,2,0.9800000190734864,8,0.351289
150,4,0.9800000190734864,8,0.364044
150,5,0.9800000190734864,8,0.351689
150,2,0.9800000190734864,8,0.350933
150,3,0.9800000190734864,8,0.353022
150,3,0.9800000190734864,8,0.367822
150,5,0.9800000190734864,8,0.352133
150,4,0.9800000190734864,8,0.351822
150,4,0.9800000190734864,8,0.363867
150,3,0.9800000190734864,8,0.363822
150,3,0.9800000190734864,8,0.354711
150,2,0.9800000190734864,8,0.352711
150,6,0.9800000190734864,8,0.345733
150,6,0.9800000190734864,8,0.339156
150,3,0.9800000190734864,8,0.359067
150,6,0.9800000190734864,8,0.334978
150,4,0.9800000190734864,8,0.363733
150,2,0.9800000190734864,8,0.3404
150,4,0.9800000190734864,8,0.353733
150,4,0.9800000190734864,8,0.357911
150,3,0.9800000190734864,8,0.361244
150,2,0.9800000190734864,8,0.348089
150,6,0.9800000190734864,8,0.338444
150,2,0.9800000190734864,8,0.354222
150,5,0.9800000190734864,8,0.351733
150,2,0.9800000190734864,8,0.350667
150,6,0.9800000190734864,8,0.3388
150,2,0.9800000190734864,8,0.350844
150,2,0.9800000190734864,8,0.360222
150,6,0.9800000190734864,8,0.346444
150,4,0.9800000190734864,8,0.363244
150,2,0.9800000190734864,8,0.357822
150,5,0.9800000190734864,8,0.348667
150,5,0.9800000190734864,8,0.344311
150,6,0.9800000190734864,8,0.343378
150,5,0.9800000190734864,8,0.347778
150,5,0.9800000190734864,8,0.350978
150,2,0.9800000190734864,8,0.352533
150,6,0.9800000190734864,8,0.339156
150,3,0.9800000190734864,8,0.356844
150,2,0.9800000190734864,8,0.353333
150,2,0.9800000190734864,8,0.340756
150,5,0.9800000190734864,8,0.349556
150,3,0.9800000190734864,8,0.364667
150,5,0.9800000190734864,8,0.349556
150,4,0.9800000190734864,8,0.3544
150,3,0.9800000190734864,8,0.364667
150,4,0.9800000190734864,8,0.359689
150,5,0.9800000190734864,8,0.352
150,4,0.9800000190734864,8,0.349156
150,2,0.9800000190734864,8,0.3552
150,4,0.9800000190734864,8,0.357289
150,4,0.9800000190734864,8,0.351956
150,3,0.9800000190734864,8,0.358578
150,5,0.9800000190734864,8,0.346533
150,3,0.9800000190734864,8,0.374
150,5,0.9800000190734864,8,0.351556
150,5,0.9800000190734864,8,0.344178
150,6,0.9800000190734864,8,0.348133
150,3,0.9800000190734864,8,0.369022
150,6,0.9800000190734864,8,0.341867
150,5,0.9800000190734864,8,0.352311
150,3,0.9800000190734864,8,0.3616
150,2,0.9800000190734864,8,0.353644
150,3,0.9800000190734864,8,0.356311
150,3,0.9800000190734864,8,0.366044
150,2,0.9800000190734864,8,0.346133
150,2,0.9800000190734864,8,0.341378
150,3,0.9800000190734864,8,0.351733
150,3,0.9800000190734864,8,0.365778
150,4,0.9800000190734864,8,0.349111
150,2,0.9800000190734864,8,0.351511
150,3,0.9800000190734864,8,0.361511
150,3,0.9800000190734864,8,0.369467
150,2,0.9800000190734864,8,0.348089
150,2,0.9800000190734864,8,0.349556
150,6,0.9800000190734864,8,0.345778
150,4,0.9800000190734864,8,0.352267
150,6,0.9800000190734864,8,0.347956
150,6,0.9800000190734864,8,0.342044
150,3,0.9800000190734864,8,0.359111
150,5,0.9800000190734864,8,0.351911
150,6,0.9800000190734864,8,0.339911
150,6,0.9800000190734864,8,0.344089
150,2,0.9800000190734864,8,0.352711
150,4,0.9800000190734864,8,0.357289
150,2,0.9800000190734864,8,0.346844
150,2,0.9800000190734864,8,0.344356
150,4,0.9800000190734864,8,0.364622
150,3,0.9800000190734864,8,0.361467
150,2,0.9800000190734864,8,0.338533
150,4,0.9800000190734864,8,0.355333
150,5,0.9800000190734864,8,0.350578
150,3,0.9800000190734864,8,0.362089
150,6,0.9800000190734864,8,0.341511
150,3,0.9800000190734864,8,0.358178
150,3,0.9800000190734864,8,0.370489
150,6,0.9800000190734864,8,0.342
150,5,0.9800000190734864,8,0.352667
150,6,0.9800000190734864,8,0.331556
150,6,0.9800000190734864,8,0.348267
150,2,0.9800000190734864,8,0.347778
150,6,0.9800000190734864,8,0.335778
150,3,0.9800000190734864,8,0.354
150,4,0.9800000190734864,8,0.356978
150,6,0.9800000190734864,8,0.339156
150,4,0.9800000190734864,8,0.357689
150,5,0.9800000190734864,8,0.343244
150,4,0.9800000190734864,8,0.358978
